Genomes,1,2,3,4,5,6,7,8,9,10,11,12,13,14,15,16,17,18,19,20,21,22,23,24,25,26,27,28,29,30,31,32,33,34,35,36,37,38,39,40,41,42,43,44,45,46,47,48,49,50,51,52,53,54,55,56,
1,0.0,0.06225961538461533,0.06346106907493287,0.053701015965166854,0.07093549154963108,0.09966216216216217,0.09307257304429783,0.03176557498153165,0.06731916925280501,0.03395585738539897,0.07697824527850827,0.06894083969465647,0.042826034357609455,0.09731948804636559,0.026770503772207355,0.12538011695906437,0.09408158453195004,0.01897486446525387,0.09410377358490563,0.07508450024142921,0.1274556780067082,0.09559535333978708,0.09418412997409942,0.07860365708857753,0.025803310613437214,0.09373528026377764,0.09603289791969039,0.12756529850746268,0.09326424870466321,0.0461352657004831,0.09176527408838442,0.05776605944391178,0.03415467187118815,0.05241644626112041,0.06625060009601536,0.07951747907434759,0.061933904528763795,0.0692107134392036,0.06402877697841725,0.04187071498530848,0.09999999999999998,0.09843561973525872,0.05996035678889988,0.07538167938931295,0.02342606149341142,0.09236569274269557,0.10310285853896894,0.09465505062396984,0.06858092074038913,0.08416931734768784,0.033868974042027156,0.05735541156707469,0.11605647284039244,0.0324498389893485,0.09513435003631077,0.10513908533710514,
2,0.06225961538461533,0.0,0.05494505494505497,0.04856245469920273,0.08947862846406762,0.10770703685974148,0.10981852024197303,0.05667231775248249,0.08551236749116609,0.079537408543781,0.08694622127457952,0.08619877531794629,0.049951969260326634,0.10720268006700162,0.07588652482269509,0.13945420906567996,0.10420560747663554,0.06474820143884896,0.10555815039701077,0.08149568552253117,0.14754485363550518,0.10596979141692642,0.11046511627906974,0.09028920761815185,0.07586858898605531,0.1095858538855281,0.10775862068965514,0.14157251556375372,0.10912052117263848,0.07034220532319391,0.10532600907571055,0.04799616030717546,0.08589682915286323,0.058036780511105834,0.009108813392417536,0.08929007074896311,0.0638246041412911,0.05956336022781206,0.020034204739799666,0.04576436222005842,0.09482551143200968,0.11007862759113651,0.1057831325301205,0.08985849056603779,0.07459152261425528,0.10912052117263848,0.11532882011605416,0.11005118659841784,0.07447560688192312,0.08595081568054541,0.08169149447381063,0.04569504569504568,0.13100023646252068,0.08178975222516238,0.10551558752997603,0.12130384167636787,
3,0.06346106907493287,0.05494505494505497,0.0,0.047642436149312406,0.09424083769633507,0.07164105106593954,0.11347015805614535,0.05827391197442833,0.09114769744691009,0.0809774796358409,0.08988223984619081,0.09001910219675258,0.05238791423001954,0.07160555004955405,0.07819621012233147,0.14436372158425126,0.10913825757575757,0.07021379980563658,0.10916410134975141,0.04152163102933859,0.115234375,0.07025819265143995,0.11367924528301887,0.09234073013600574,0.07679385649148063,0.11323425336164195,0.07215472353087027,0.1456287985039738,0.1132075471698113,0.07072169925174998,0.07021013597033376,0.05135069359941591,0.08789625360230546,0.06010664081434802,0.05711496216743961,0.05183312262958284,0.023502653525398043,0.057432432432432456,0.05959620530284604,0.04479089334323183,0.061473369835739144,0.07900566084174254,0.06987771400049914,0.09191000478697942,0.07642393655371305,0.11409712399811411,0.07867702330243043,0.11370606275064876,0.07721730815204397,0.04598281960586159,0.04260089686098656,0.049500121921482565,0.0952730835170218,0.04167706513601199,0.06881987577639748,0.12556053811659196,
4,0.053701015965166854,0.04856245469920273,0.047642436149312406,0.0,0.07308970099667778,0.0884205426356589,0.09334587350105805,0.04991477964450941,0.06949071870537837,0.06111243733587968,0.06853582554517135,0.06926922161390148,0.04416023166023164,0.08606060606060606,0.057388809182209455,0.12470808033629144,0.08805476864966955,0.05716353111432704,0.08852691218130315,0.057149805447470836,0.12989493791786055,0.08477046393004617,0.09400705052878966,0.07388928486576385,0.05598086124401913,0.0931107453562191,0.08707252000970167,0.1277635559692809,0.09264048906654121,0.05121423419091131,0.0906679527369183,0.03366432550254295,0.06888304233436982,0.039139888862044,0.051183003380009695,0.07794443078436197,0.04894244958189864,0.04502994011976047,0.05459355459355464,0.030235988200589925,0.0822815533980582,0.09595959595959591,0.09932170542635654,0.07156488549618323,0.05371702637889686,0.09264048906654121,0.09266977200294191,0.09223529411764708,0.0569454372170598,0.06367226061204345,0.0727932285368803,0.03131067961165046,0.11358201817312286,0.07148049430579118,0.08290785314855331,0.10538696777228884,
5,0.07093549154963108,0.08947862846406762,0.09424083769633507,0.07308970099667778,0.0,0.10241107662926718,0.10113926993722389,0.06407487401007916,0.00974421437271622,0.057468534789836156,0.07035892560019019,0.009502923976608235,0.07249114521841793,0.10326735034581447,0.05468378506894911,0.12777777777777777,0.10258199581297978,0.07475083056478404,0.10260586319218246,0.08267810340719561,0.12988859919412188,0.101123595505618,0.10178944922147337,0.0724740321057602,0.0542082738944365,0.10178944922147337,0.10245999522331029,0.12906949896097897,0.10044175773076025,0.04619435136428918,0.08912314326784854,0.05494766888677449,0.06380952380952376,0.0491646778042959,0.09110119746419343,0.11422413793103448,0.09783384908355153,0.06770098730606489,0.08935272045028142,0.07970497263859144,0.09820788530465951,0.0939292543021033,0.11180124223602483,0.07244318181818177,0.051954242135367035,0.10044175773076025,0.12443168222062695,0.10225424122705085,0.06434126797077544,0.11360381861575175,0.08698760724499521,0.053609721229449625,0.10695569318723197,0.0880038158836155,0.0988511249401628,0.11392699372239012,
6,0.09966216216216217,0.10770703685974148,0.07164105106593954,0.0884205426356589,0.10241107662926718,0.0,0.11851149561507468,0.10676328502415455,0.09887479051951165,0.08778258778258774,0.10860704866938387,0.09956917185256109,0.10418160095579454,0.013885317562355337,0.08592057761732852,0.14514987019117298,0.11507370423204943,0.10571840461316673,0.11375535459305097,0.04305381727158952,0.07027707808564232,0.01747622719095343,0.11961155850307914,0.11182488698548654,0.08589990375360923,0.1182744726238445,0.017980991523246836,0.14642184557438798,0.11913784936049265,0.08911368015414256,0.03125794155019057,0.07321212121212117,0.074317738791423,0.08184451955577021,0.10935630533620488,0.03090394025238219,0.05707133917396745,0.08461169702780436,0.11161459575482946,0.07982370225269342,0.030071355759429208,0.038490757153709754,0.05892766818411732,0.10829548171169012,0.0841572220882566,0.11958323466729814,0.041945445187853814,0.11874851860630486,0.09268991877687527,0.04458598726114649,0.08261617900172114,0.07328318369327835,0.06566416040100254,0.07988165680473369,0.013391707442698908,0.13066160777804126,
7,0.09307257304429783,0.10981852024197303,0.11347015805614535,0.09334587350105805,0.10113926993722389,0.11851149561507468,0.0,0.0973075106282475,0.09591598599766626,0.0810429880197322,0.08072916666666663,0.09748134328358204,0.09488198177144191,0.12068149550402274,0.07967097532314926,0.10843091334894617,0.012201073694485087,0.09946047384471035,0.014142891977566463,0.09392789373814037,0.08016569200779722,0.11859582542694502,0.005135730007336803,0.08411654135338342,0.07874941231781851,0.007085267529929107,0.11945958757999531,0.11111111111111116,0.005134474327628369,0.08052743112785499,0.11434659090909094,0.07904022582921666,0.08692579505300357,0.06838618078561287,0.11273826127382613,0.13206650831353917,0.1112426035502958,0.09048615957199346,0.11273486430062629,0.0954631379962193,0.12104018912529546,0.12258368694012256,0.1340425531914894,0.08185892899268699,0.07793736755356717,0.010000000000000009,0.1443812233285917,0.007573906669924302,0.08722014925373134,0.136245572609209,0.11077068112184774,0.0795668549905838,0.12387706855791958,0.10911667453944263,0.11680911680911676,0.01979956000977756,
8,0.03176557498153165,0.05667231775248249,0.05827391197442833,0.04991477964450941,0.06407487401007916,0.10676328502415455,0.0973075106282475,0.0,0.06180856180856176,0.05049528871708142,0.07106721271982652,0.06204906204906202,0.03609756097560979,0.10396518375241781,0.046235778261922045,0.12834350070389489,0.09877126654064272,0.03968642822146007,0.10014170996693439,0.08030962747943882,0.13318934485241185,0.1027131782945736,0.09931587638594008,0.07412721186035387,0.04575163398692805,0.09886739027843328,0.10406582768635042,0.1305263157894737,0.09884406699693327,0.03896736483195329,0.09009227780475959,0.052631578947368474,0.057869249394673083,0.04438515643948582,0.05929332042594382,0.08532675709001236,0.06340624231998038,0.06282847587195417,0.06127864897466828,0.04422604422604426,0.09929765076289654,0.09588377723970942,0.08006898250800687,0.07225156024963997,0.04485935984481082,0.09749763928234179,0.11214268262887861,0.0997876857749469,0.06218607988519498,0.08384558642734197,0.05168594634506518,0.05174081237911021,0.1136254212806933,0.05030826140567202,0.1008729388942774,0.1111898016997167,
9,0.06731916925280501,0.08551236749116609,0.09114769744691009,0.06949071870537837,0.00974421437271622,0.09887479051951165,0.09591598599766626,0.06180856180856176,0.0,0.05521180390290337,0.06536259541984735,0.00513321926179422,0.06753554502369663,0.09928229665071775,0.05102527420123981,0.12354853692522061,0.09736166238617794,0.07023809523809521,0.09827264239028943,0.07955088389871001,0.12601046124583926,0.0962092130518234,0.09790209790209792,0.07026259758694109,0.05008347245409017,0.09745861506178599,0.0975551294343241,0.12659106688266608,0.09654850746268662,0.04717432950191569,0.08415484491464298,0.04942693409742116,0.06017191977077363,0.04454022988505746,0.08759124087591241,0.11116446578631456,0.09474940334128878,0.06503298774740807,0.0853916725476358,0.07657442748091603,0.09374250779189641,0.09082195063503473,0.10828941063727837,0.0693092807975314,0.04781257470714795,0.09699230589881092,0.1204992798847816,0.09792492422476107,0.06074214133774525,0.10964807277950683,0.08570064454523751,0.051337153772683886,0.10298685782556749,0.08442956230566845,0.0962092130518234,0.10963377653370654,
10,0.03395585738539897,0.079537408543781,0.0809774796358409,0.06111243733587968,0.057468534789836156,0.08778258778258774,0.0810429880197322,0.05049528871708142,0.05521180390290337,0.0,0.06158987825256623,0.056374881065651805,0.06103063405366893,0.08589990375360923,0.014074253821887872,0.11069593647828113,0.08204043253408555,0.03985507246376807,0.0829612220916569,0.06467900937725413,0.11466794075489728,0.08323281061519905,0.08125880695162047,0.06009501187648458,0.013588934724581447,0.08125880695162047,0.08506024096385545,0.11204286047053347,0.08169014084507042,0.03347784200385362,0.0803657362848893,0.0447047573511834,0.026207231254549823,0.03979860944617597,0.08343153429177463,0.09963811821471658,0.07952907256126862,0.05764233404205055,0.07897218293257902,0.06077348066298338,0.0881364073006724,0.08567314614830812,0.08060208788540912,0.06095238095238098,0.015052197135226986,0.08078910286519492,0.11266249398170436,0.08217891523831888,0.05470044991712053,0.1036219716958503,0.05310378273520855,0.04521531100478471,0.10195797516714422,0.05222249210590235,0.08369512783405697,0.09441052137153594,
11,0.07697824527850827,0.08694622127457952,0.08988223984619081,0.06853582554517135,0.07035892560019019,0.10860704866938387,0.08072916666666663,0.07106721271982652,0.06536259541984735,0.06158987825256623,0.0,0.0665236051502146,0.07071428571428573,0.10764804603212663,0.060649474689589256,0.11549295774647883,0.08082484000948087,0.08079122974261199,0.08175355450236965,0.08143165986067735,0.1204992798847816,0.10459245010819906,0.08185474331677312,0.01978988516980207,0.059245102723363585,0.08094674556213022,0.10820537428023036,0.11859649122807014,0.08092759110269754,0.054034582132564846,0.09436687530091481,0.05301031422403457,0.07120669056152928,0.04529029149602504,0.08994082840236683,0.11822778714182514,0.09762532981530347,0.06589239156198157,0.08817966903073282,0.07889688249400484,0.0993743984600578,0.10100767754318618,0.12254667304930589,0.017660044150110354,0.05699233716475094,0.079564290788539,0.13028846153846152,0.08187411263606248,0.06433998100664773,0.11442307692307696,0.0944750059794307,0.05399568034557234,0.0664378524148076,0.09367513176808817,0.10368053885013229,0.09420118343195272,
12,0.06894083969465647,0.08619877531794629,0.09001910219675258,0.06926922161390148,0.009502923976608235,0.09956917185256109,0.09748134328358204,0.06204906204906202,0.00513321926179422,0.056374881065651805,0.0665236051502146,0.0,0.07005917159763309,0.0999760822769672,0.0526566595187038,0.12508702715247155,0.09848308051341892,0.07093549154963108,0.09894982497082849,0.07933094384707284,0.12713878326996197,0.09690573278963777,0.09857841994872985,0.07095553453169345,0.05171591992373692,0.09857841994872985,0.09825065899832253,0.1276891047883414,0.09766899766899761,0.04647819837086731,0.0848557692307692,0.05106179909329511,0.061799093295156315,0.044779693486590055,0.08827683615819204,0.11140456182472991,0.09407831900668573,0.06526861451460886,0.08652715730072891,0.07635409210212363,0.09489575844716036,0.09151892668902728,0.10852898897939622,0.06908831908831914,0.0494505494505495,0.09811232812864135,0.12073931829092654,0.09904451176881846,0.060978492082250035,0.11079205551567362,0.0863961813842482,0.051110580367805136,0.10322580645161294,0.08512673362027734,0.09599232061435081,0.11074842620657499,
13,0.042826034357609455,0.049951969260326634,0.05238791423001954,0.04416023166023164,0.07249114521841793,0.10418160095579454,0.09488198177144191,0.03609756097560979,0.06753554502369663,0.06103063405366893,0.07071428571428573,0.07005917159763309,0.0,0.10458452722063039,0.05778834720570747,0.12865090403337964,0.0954385964912281,0.049614643545279336,0.09635173058933588,0.07708881972707682,0.1334439440625741,0.10334928229665075,0.09642773756712586,0.07191861840548852,0.05638829407566026,0.09509345794392521,0.10377809660449544,0.12994219653179195,0.09551611396543669,0.051183927290122,0.0876771558971895,0.04596600430931286,0.0678409902404189,0.03586904188733753,0.05208833413346137,0.08666017526777026,0.05842259006815964,0.03614169459071326,0.0517489218974605,0.04133236080719671,0.09587727708533078,0.09523809523809523,0.0902929072863713,0.07188612099644132,0.055992375506314085,0.09418088338396824,0.11084279159623278,0.09645025688930409,0.032165146423427715,0.08240155566358776,0.061925495887760085,0.045073123951090865,0.11546685673556667,0.060591371788657256,0.1015325670498084,0.10861948142957256,
14,0.09731948804636559,0.10720268006700162,0.07160555004955405,0.08606060606060606,0.10326735034581447,0.013885317562355337,0.12068149550402274,0.10396518375241781,0.09928229665071775,0.08589990375360923,0.10764804603212663,0.0999760822769672,0.10458452722063039,0.0,0.08357418111753367,0.14683007306151308,0.11591448931116388,0.10475732820759254,0.11549429657794674,0.0395989974937343,0.07169811320754715,0.013896037056098764,0.12177819815559232,0.1099738157581528,0.08355405730797016,0.12088951975396267,0.013892462052997212,0.1485311398354877,0.12130527311421135,0.0849215922798553,0.031242062484124977,0.07130730050933787,0.07240370550950759,0.08180501930501927,0.10839913854989236,0.031394750386001036,0.05558337506259392,0.08319347878206662,0.11156138259833137,0.0788442703232125,0.02804691483936772,0.03896761133603244,0.05594936708860765,0.1064338674958144,0.08087880251086432,0.12130527311421135,0.03990731204943354,0.12136266855926192,0.09264565425023874,0.042070372259051525,0.0806888068880689,0.07278020378457062,0.06320541760722342,0.07842170160295936,0.013384813384813343,0.1332544378698225,
15,0.026770503772207355,0.07588652482269509,0.07819621012233147,0.057388809182209455,0.05468378506894911,0.08592057761732852,0.07967097532314926,0.046235778261922045,0.05102527420123981,0.014074253821887872,0.060649474689589256,0.0526566595187038,0.05778834720570747,0.08357418111753367,0.0,0.10757717492984098,0.07976470588235296,0.03605129445923061,0.08068689720065869,0.062334536702767784,0.11373954599761049,0.08182476466328747,0.08033826638477803,0.05961995249406171,0.00827049379712963,0.07988721804511278,0.08226779252110972,0.109375,0.07941729323308266,0.02824722356349585,0.07618129218900671,0.04094827586206895,0.020437956204379604,0.03555128513091521,0.07933884297520666,0.09731948804636559,0.0767380322347847,0.0544121126094157,0.07714083510261849,0.05609051516610497,0.08673714560307544,0.08473355736917909,0.07778317938745749,0.06047619047619046,0.009250243427458615,0.07986845196147518,0.11036144578313256,0.0803571428571429,0.05053380782918149,0.10177628420547291,0.04788526981040353,0.04145698538221898,0.1014804202483286,0.04889321333009,0.08136166103331721,0.09169997648718553,
16,0.12538011695906437,0.13945420906567996,0.14436372158425126,0.12470808033629144,0.12777777777777777,0.14514987019117298,0.10843091334894617,0.12834350070389489,0.12354853692522061,0.11069593647828113,0.11549295774647883,0.12508702715247155,0.12865090403337964,0.14683007306151308,0.10757717492984098,0.0,0.1112151720908452,0.12459093034128099,0.11079878191613957,0.12732407625323605,0.1428571428571429,0.14393760340345074,0.10996724379971923,0.11815427639244935,0.10887850467289717,0.11085126286248825,0.14609393438753837,0.005724240915878531,0.11082534486789808,0.11378504672897194,0.14403389032713576,0.11007244683337225,0.11927034611786713,0.10323791647114033,0.1401804302567662,0.15652379824769125,0.13918982571832317,0.12326869806094187,0.14312053468541142,0.12211764705882355,0.149776628262403,0.14819163926726164,0.16097905389503409,0.11781206171107994,0.10767790262172283,0.1068416119962512,0.1691871455576559,0.11087719298245613,0.11880500231588698,0.16572769953051647,0.14078238463340365,0.11061739943872784,0.15476749647721932,0.1396385824923727,0.14525271610769952,0.1195499296765119,
17,0.09408158453195004,0.10420560747663554,0.10913825757575757,0.08805476864966955,0.10258199581297978,0.11507370423204943,0.012201073694485087,0.09877126654064272,0.09736166238617794,0.08204043253408555,0.08082484000948087,0.09848308051341892,0.0954385964912281,0.11591448931116388,0.07976470588235296,0.1112151720908452,0.0,0.10136086344439232,0.003926380368098115,0.08995716325559255,0.0835362883584998,0.11425850987860031,0.013411363082175054,0.08466603951081841,0.07974594213126318,0.012442059038789921,0.11467999048298838,0.11432571161922533,0.011954135154915835,0.0810747112891822,0.1144821047641621,0.07368918280585735,0.0874793680735676,0.06755155250059253,0.1075845974329055,0.12866333095067906,0.10733792448349566,0.08613445378151263,0.10847299813780265,0.09060721062618593,0.11627906976744184,0.1227283455274959,0.13684708106830534,0.08150248051027642,0.07848220598633038,0.011469009272816022,0.1410225921521998,0.013414634146341475,0.08821470245040841,0.13154776013273284,0.11223767979250177,0.0746691871455577,0.12357954545454541,0.11147850732168163,0.1138095238095238,0.028508771929824595,
18,0.01897486446525387,0.06474820143884896,0.07021379980563658,0.05716353111432704,0.07475083056478404,0.10571840461316673,0.09946047384471035,0.03968642822146007,0.07023809523809521,0.03985507246376807,0.08079122974261199,0.07093549154963108,0.049614643545279336,0.10475732820759254,0.03605129445923061,0.12459093034128099,0.10136086344439232,0.0,0.10183012670107927,0.08493282149712089,0.1337944192702123,0.10214406167188628,0.10145267104029987,0.08510638297872342,0.03509196515004842,0.10145267104029987,0.10440221313447196,0.12764966224085716,0.10098406747891286,0.053833213169911076,0.10014409221902021,0.06164874551971322,0.046731234866828064,0.058654536748862784,0.06780067081935792,0.08812729498164018,0.06824274920789664,0.07619721632460486,0.06604450825556352,0.049220272904483386,0.10695443645083935,0.10584291187739459,0.06683107274969169,0.08420303605313095,0.0322737199708808,0.09920262664165103,0.11013858497447115,0.10192127460168698,0.07330338141404591,0.09177215189873422,0.040364262859955646,0.06402293358815103,0.12378005236848366,0.03944773175542404,0.10442733397497594,0.11368963900609474,
19,0.09410377358490563,0.10555815039701077,0.10916410134975141,0.08852691218130315,0.10260586319218246,0.11375535459305097,0.014142891977566463,0.10014170996693439,0.09827264239028943,0.0829612220916569,0.08175355450236965,0.09894982497082849,0.09635173058933588,0.11549429657794674,0.08068689720065869,0.11079878191613957,0.003926380368098115,0.10183012670107927,0.0,0.0908874613371401,0.08402338041889912,0.11383662776851633,0.014383227693807954,0.08423529411764707,0.08021641966596094,0.012445095168374776,0.11425850987860031,0.11347186551482602,0.012442059038789921,0.0819981149858624,0.1131672597864769,0.074616292798111,0.08750000000000002,0.06848341232227484,0.1084927671488567,0.12824791418355186,0.10781287105200665,0.0861545645575531,0.10849825378346911,0.09017560512577127,0.11630666983147397,0.12275731822474034,0.13643887443840153,0.08197495865816207,0.07940622054665414,0.011471808640468595,0.14017134697762967,0.012933138116154264,0.08778893299089419,0.1306925996204934,0.11270926668238623,0.07468683526353104,0.12271973466003316,0.11150484290101581,0.1133873272987137,0.028515720204728257,
20,0.07508450024142921,0.08149568552253117,0.04152163102933859,0.057149805447470836,0.08267810340719561,0.04305381727158952,0.09392789373814037,0.08030962747943882,0.07955088389871001,0.06467900937725413,0.08143165986067735,0.07933094384707284,0.07708881972707682,0.0395989974937343,0.062334536702767784,0.12732407625323605,0.08995716325559255,0.08493282149712089,0.0908874613371401,0.0,0.09314327844679282,0.03422244589833923,0.09549763033175351,0.08577555396711933,0.05998554565165015,0.09549763033175351,0.04013042387760224,0.12951665884561236,0.09457217350082958,0.06271104679208872,0.05383279583229972,0.04566431867864951,0.0692567567567568,0.05254237288135588,0.08223447614480939,0.04937027707808561,0.027603513174404015,0.05459355459355464,0.08641680592026735,0.0491400491400491,0.05128205128205132,0.062252964426877444,0.07836835599505565,0.08119760479041915,0.05818445195557698,0.09502369668246446,0.06890503633174638,0.09461702632202984,0.06650717703349285,0.06545545047287205,0.058519793459552494,0.04475796643152519,0.0833742030407062,0.05715693520571574,0.03422244589833923,0.10652431791221828,
21,0.1274556780067082,0.14754485363550518,0.115234375,0.12989493791786055,0.12988859919412188,0.07027707808564232,0.08016569200779722,0.13318934485241185,0.12601046124583926,0.11466794075489728,0.1204992798847816,0.12713878326996197,0.1334439440625741,0.07169811320754715,0.11373954599761049,0.1428571428571429,0.0835362883584998,0.1337944192702123,0.08402338041889912,0.09314327844679282,0.0,0.0698436712052446,0.08225845704550983,0.12452380952380948,0.11371237458193983,0.08132456781105435,0.0703125,0.14546748932130993,0.0813047711781889,0.11467560450083791,0.06688458637163697,0.11583472653451155,0.10210500846842485,0.10705712914066245,0.1482880755608028,0.08650693568726353,0.11200980392156867,0.12570888468809072,0.14820923656927432,0.13222942164626827,0.07309721175584027,0.07391631170132795,0.09027081243731194,0.12105263157894741,0.11204213550395026,0.08363724775103332,0.0991943605236657,0.08227848101265822,0.1260345235280208,0.09122807017543855,0.10967269174401562,0.11504424778761058,0.07659467604218984,0.1074926542605289,0.06838253848094877,0.09588707714772449,
22,0.09559535333978708,0.10596979141692642,0.07025819265143995,0.08477046393004617,0.101123595505618,0.01747622719095343,0.11859582542694502,0.1027131782945736,0.0962092130518234,0.08323281061519905,0.10459245010819906,0.09690573278963777,0.10334928229665075,0.013896037056098764,0.08182476466328747,0.14393760340345074,0.11425850987860031,0.10214406167188628,0.11383662776851633,0.03422244589833923,0.0698436712052446,0.0,0.12014218009478672,0.10830152671755722,0.08226779252110972,0.11925082977714552,0.012374323279195631,0.1456516615602168,0.11966824644549767,0.08548659744023179,0.028775146422205244,0.07139388052452644,0.07013685239491696,0.08004836759371226,0.10716854471349802,0.025839793281653756,0.05565304587615949,0.08191208263271677,0.10943847072879331,0.07799852832965415,0.026066956299514388,0.03752535496957399,0.05256475368207214,0.1047459252157239,0.07958393807450415,0.11877667140825032,0.04399279650115773,0.11838671411625146,0.09138755980861246,0.04112388250319288,0.07936899186591073,0.07193195625759419,0.059386009058882694,0.07709414381022983,0.009811515620965605,0.13075462743236832,
23,0.09418412997409942,0.11046511627906974,0.11367924528301887,0.09400705052878966,0.10178944922147337,0.11961155850307914,0.005135730007336803,0.09931587638594008,0.09790209790209792,0.08125880695162047,0.08185474331677312,0.09857841994872985,0.09642773756712586,0.12177819815559232,0.08033826638477803,0.10996724379971923,0.013411363082175054,0.10145267104029987,0.014383227693807954,0.09549763033175351,0.08225845704550983,0.12014218009478672,0.0,0.08433168898285182,0.07986845196147518,0.006353861192570864,0.120558976788252,0.11263992537313428,0.005377658274260622,0.0816470588235294,0.11500236630383343,0.07970844110039976,0.08759124087591241,0.06906338694418168,0.11382113821138207,0.1336022781205506,0.1127926223693545,0.09202881710434585,0.11337815905402271,0.096126594237128,0.12213560122844314,0.12367491166077738,0.13600944510035418,0.08297972654408303,0.07951070336391441,0.011211308798440123,0.1450236966824645,0.0087890625,0.08787878787878789,0.1373289287399717,0.11142520612485274,0.08068689720065869,0.12452741020793956,0.11111111111111116,0.11835863377609113,0.021006350757205694,
24,0.07860365708857753,0.09028920761815185,0.09234073013600574,0.07388928486576385,0.0724740321057602,0.11182488698548654,0.08411654135338342,0.07412721186035387,0.07026259758694109,0.06009501187648458,0.01978988516980207,0.07095553453169345,0.07191861840548852,0.1099738157581528,0.05961995249406171,0.11815427639244935,0.08466603951081841,0.08510638297872342,0.08423529411764707,0.08577555396711933,0.12452380952380948,0.10830152671755722,0.08433168898285182,0.0,0.05914489311163895,0.08388157894736847,0.11007862759113651,0.11816701558501974,0.08431188351338659,0.05582061068702293,0.09588713534194171,0.056653177814805944,0.07103825136612019,0.04947418738049714,0.09281015037593987,0.12317975650513246,0.1009283503927636,0.06848670275358903,0.0874676698800847,0.0818852654129969,0.1035799522673031,0.10157367668097284,0.12387066096053256,0.009549461312438834,0.059215219976218814,0.08205972254878913,0.13423938960419646,0.08480150340615455,0.06558150507195093,0.11850262279446833,0.09553231939163498,0.05578069129916563,0.06062087509166458,0.09609895337773544,0.10785015509424956,0.09793330201972761,
25,0.025803310613437214,0.07586858898605531,0.07679385649148063,0.05598086124401913,0.0542082738944365,0.08589990375360923,0.07874941231781851,0.04575163398692805,0.05008347245409017,0.013588934724581447,0.059245102723363585,0.05171591992373692,0.05638829407566026,0.08355405730797016,0.00827049379712963,0.10887850467289717,0.07974594213126318,0.03509196515004842,0.08021641966596094,0.05998554565165015,0.11371237458193983,0.08226779252110972,0.07986845196147518,0.05914489311163895,0.0,0.07941729323308266,0.08271039305522065,0.11199068684516877,0.07984969469234382,0.029191797346200254,0.07708985786557454,0.04046934865900387,0.01898734177215189,0.034598750600672745,0.07932011331444755,0.09683651291958462,0.0753309265944645,0.05301775147928989,0.07712264150943393,0.05560905151661044,0.08625660740028829,0.08425348055688908,0.0763618677042801,0.05907575035731305,0.0073081607795371095,0.07894736842105265,0.11033485907010354,0.08033826638477803,0.05190803507940267,0.10084033613445376,0.04787363304981773,0.0405081495685522,0.10009555661729574,0.04650596542488439,0.0813420226888728,0.09167842031029616,
26,0.09373528026377764,0.1095858538855281,0.11323425336164195,0.0931107453562191,0.10178944922147337,0.1182744726238445,0.007085267529929107,0.09886739027843328,0.09745861506178599,0.08125880695162047,0.08094674556213022,0.09857841994872985,0.09509345794392521,0.12088951975396267,0.07988721804511278,0.11085126286248825,0.012442059038789921,0.10145267104029987,0.012445095168374776,0.09549763033175351,0.08132456781105435,0.11925082977714552,0.006353861192570864,0.08388157894736847,0.07941729323308266,0.0,0.11966824644549767,0.11351981351981355,0.006352308819936425,0.08029197080291972,0.1136632725550556,0.07880498706186778,0.08804143126177022,0.06860657676839366,0.11206696117182047,0.13315926892950392,0.1127926223693545,0.09025354733658986,0.11294063079777361,0.09477664854644297,0.12035942303144953,0.12279047843506952,0.13644948064211515,0.08207547169811324,0.07905882352941174,0.01218026796589522,0.14414414414414412,0.0063554143241261185,0.08698694029850751,0.13556920170051956,0.11142520612485274,0.07842675459255766,0.12230896616986042,0.1115566037735849,0.11791221826809017,0.02197265625,
27,0.09603289791969039,0.10775862068965514,0.07215472353087027,0.08707252000970167,0.10245999522331029,0.017980991523246836,0.11945958757999531,0.10406582768635042,0.0975551294343241,0.08506024096385545,0.10820537428023036,0.09825065899832253,0.10377809660449544,0.013892462052997212,0.08226779252110972,0.14609393438753837,0.11467999048298838,0.10440221313447196,0.11425850987860031,0.04013042387760224,0.0703125,0.012374323279195631,0.120558976788252,0.11007862759113651,0.08271039305522065,0.11966824644549767,0.0,0.14823529411764702,0.12008526764566552,0.08731307284129286,0.03077314343845372,0.07418181818181813,0.07106227106227103,0.08234725911615548,0.10895593869731801,0.02990461459138949,0.05515166708448238,0.0851114840565812,0.10986386434201101,0.07845060063741116,0.030086690464048993,0.04148747786491269,0.05205688166582023,0.10608237547892718,0.0804931109499637,0.12008526764566552,0.04196704428424303,0.12014218009478672,0.09364548494983282,0.0426129114570043,0.07934943321833421,0.07472100921882585,0.061321940185976365,0.07755001234872805,0.012886597938144284,0.1320531057373162,
28,0.12756529850746268,0.14157251556375372,0.1456287985039738,0.1277635559692809,0.12906949896097897,0.14642184557438798,0.11111111111111116,0.1305263157894737,0.12659106688266608,0.11204286047053347,0.11859649122807014,0.1276891047883414,0.12994219653179195,0.1485311398354877,0.109375,0.005724240915878531,0.11432571161922533,0.12764966224085716,0.11347186551482602,0.12951665884561236,0.14546748932130993,0.1456516615602168,0.11263992537313428,0.11816701558501974,0.11199068684516877,0.11351981351981355,0.14823529411764702,0.0,0.11261366285847518,0.11468531468531473,0.14530516431924878,0.11230195712954338,0.12059715418707717,0.10594013096351729,0.1422970479704797,0.15820543093270367,0.14134773420990843,0.125,0.1430871865654474,0.12432559230588791,0.15146541617819465,0.1498829039812647,0.16263787843229294,0.1213320912901723,0.11080009330534168,0.10908666199486106,0.17039830308743809,0.11310634328358204,0.12055427251732098,0.16736891385767794,0.1416218742696892,0.11196641007697694,0.1573033707865169,0.14222222222222225,0.14696184644371169,0.12263489838822705,
29,0.09326424870466321,0.10912052117263848,0.1132075471698113,0.09264048906654121,0.10044175773076025,0.11913784936049265,0.005134474327628369,0.09884406699693327,0.09654850746268662,0.08169014084507042,0.08092759110269754,0.09766899766899761,0.09551611396543669,0.12130527311421135,0.07941729323308266,0.11082534486789808,0.011954135154915835,0.10098406747891286,0.012442059038789921,0.09457217350082958,0.0813047711781889,0.11966824644549767,0.005377658274260622,0.08431188351338659,0.07984969469234382,0.006352308819936425,0.12008526764566552,0.11261366285847518,0.0,0.0807248764415156,0.11452910553715101,0.07923818481072187,0.08757062146892658,0.06767628963558925,0.11247966534975595,0.13357058125741395,0.11231969732797353,0.09067658684026969,0.11291444470206358,0.09475425330812859,0.12166312308055749,0.12320376914016495,0.13597733711048154,0.08250825082508251,0.07813603200753116,0.01072386058981234,0.14454976303317535,0.006353861192570864,0.0874125874125874,0.1364172763747935,0.11006363422107002,0.07931277947752413,0.12361143937603403,0.11108490566037732,0.1183305667536163,0.020517830972154427,
30,0.0461352657004831,0.07034220532319391,0.07072169925174998,0.05121423419091131,0.04619435136428918,0.08911368015414256,0.08052743112785499,0.03896736483195329,0.04717432950191569,0.03347784200385362,0.054034582132564846,0.04647819837086731,0.051183927290122,0.0849215922798553,0.02824722356349585,0.11378504672897194,0.0810747112891822,0.053833213169911076,0.0819981149858624,0.06271104679208872,0.11467560450083791,0.08548659744023179,0.0816470588235294,0.05582061068702293,0.029191797346200254,0.08029197080291972,0.08731307284129286,0.11468531468531473,0.0807248764415156,0.0,0.0709958807850739,0.033253012048192754,0.04079169683804007,0.02636671504596033,0.07198859586600137,0.09869375907111755,0.07853529270055404,0.043633762517882646,0.07344231224828235,0.05879518072289158,0.07976794778825236,0.07868694182959213,0.09260154738878146,0.055276381909547756,0.027321083172146987,0.07982105015304919,0.1140308582449373,0.08121468926553677,0.04296968250179045,0.09444444444444444,0.065201642115431,0.031860970311368586,0.09510086455331412,0.06528046421663447,0.0831721470019342,0.09347774899929362,
31,0.09176527408838442,0.10532600907571055,0.07021013597033376,0.0906679527369183,0.08912314326784854,0.03125794155019057,0.11434659090909094,0.09009227780475959,0.08415484491464298,0.0803657362848893,0.09436687530091481,0.0848557692307692,0.0876771558971895,0.031242062484124977,0.07618129218900671,0.14403389032713576,0.1144821047641621,0.10014409221902021,0.1131672597864769,0.05383279583229972,0.06688458637163697,0.028775146422205244,0.11500236630383343,0.09588713534194171,0.07708985786557454,0.1136632725550556,0.03077314343845372,0.14530516431924878,0.11452910553715101,0.0709958807850739,0.0,0.07040890394386645,0.06538180043913144,0.06457878125758676,0.10652018151421061,0.04658859470468435,0.07346030175612173,0.08181818181818179,0.10698117703121279,0.09467312348668278,0.026710760620707208,0.0196178343949045,0.04913880445795338,0.0922633349351274,0.07718282682103228,0.11408284023668636,0.059959349593495914,0.11458333333333337,0.07288910271830651,0.045673686881502196,0.07503075030750306,0.07047711310244609,0.04764305520544487,0.07179866765358989,0.027770700636942647,0.12781065088757393,
32,0.05776605944391178,0.04799616030717546,0.05135069359941591,0.03366432550254295,0.05494766888677449,0.07321212121212117,0.07904022582921666,0.052631578947368474,0.04942693409742116,0.0447047573511834,0.05301031422403457,0.05106179909329511,0.04596600430931286,0.07130730050933787,0.04094827586206895,0.11007244683337225,0.07368918280585735,0.06164874551971322,0.074616292798111,0.04566431867864951,0.11583472653451155,0.07139388052452644,0.07970844110039976,0.056653177814805944,0.04046934865900387,0.07880498706186778,0.07418181818181813,0.11230195712954338,0.07923818481072187,0.033253012048192754,0.07040890394386645,0.0,0.05245508982035929,0.02345828295042318,0.05013192612137207,0.08604764219737482,0.05973773676542016,0.02332852332852331,0.05166228175077736,0.042212518195050897,0.059970745977571904,0.0780911062906724,0.103431725461963,0.0565767486273574,0.03816610657705233,0.0787864534336783,0.09966052376333656,0.07972718720602068,0.03775388291517323,0.08179611650485441,0.07529976019184648,0.010231425091351998,0.09995217599234818,0.07585213634181465,0.07092543113917904,0.09063088512241058,
33,0.03415467187118815,0.08589682915286323,0.08789625360230546,0.06888304233436982,0.06380952380952376,0.074317738791423,0.08692579505300357,0.057869249394673083,0.06017191977077363,0.026207231254549823,0.07120669056152928,0.061799093295156315,0.0678409902404189,0.07240370550950759,0.020437956204379604,0.11927034611786713,0.0874793680735676,0.046731234866828064,0.08750000000000002,0.0692567567567568,0.10210500846842485,0.07013685239491696,0.08759124087591241,0.07103825136612019,0.01898734177215189,0.08804143126177022,0.07106227106227103,0.12059715418707717,0.08757062146892658,0.04079169683804007,0.06538180043913144,0.05245508982035929,0.0,0.0461538461538461,0.08934058142283152,0.08535094155050138,0.0878459687123947,0.06303317535545028,0.08667926310817198,0.06719653179190754,0.07516419362685478,0.07267865824015551,0.06548498276710979,0.06731916925280501,0.019975639464068218,0.08757062146892658,0.0990485484264455,0.08806216152578294,0.06331515295233581,0.0894724045708728,0.06003889158969378,0.0506359491240701,0.08923821039903268,0.05822168087697932,0.07013685239491696,0.10032972209138014,
34,0.05241644626112041,0.058036780511105834,0.06010664081434802,0.039139888862044,0.0491646778042959,0.08184451955577021,0.06838618078561287,0.04438515643948582,0.04454022988505746,0.03979860944617597,0.04529029149602504,0.044779693486590055,0.03586904188733753,0.08180501930501927,0.03555128513091521,0.10323791647114033,0.06755155250059253,0.058654536748862784,0.06848341232227484,0.05254237288135588,0.10705712914066245,0.08004836759371226,0.06906338694418168,0.04947418738049714,0.034598750600672745,0.06860657676839366,0.08234725911615548,0.10594013096351729,0.06767628963558925,0.02636671504596033,0.06457878125758676,0.02345828295042318,0.0461538461538461,0.0,0.060620525059665864,0.09326550387596899,0.0661016949152542,0.034449760765550286,0.06165198762199475,0.04909310761789598,0.07338338580770165,0.07230955259975813,0.09959105123887424,0.04797313504437517,0.03322099181511795,0.06767628963558925,0.10818642839893744,0.06953642384105962,0.031886837688803626,0.09040367416001938,0.07000240558094784,0.022044573643410836,0.09062499999999996,0.06915662650602405,0.07772397094430994,0.08185474331677312,
35,0.06625060009601536,0.009108813392417536,0.05711496216743961,0.051183003380009695,0.09110119746419343,0.10935630533620488,0.11273826127382613,0.05929332042594382,0.08759124087591241,0.08343153429177463,0.08994082840236683,0.08827683615819204,0.05208833413346137,0.10839913854989236,0.07933884297520666,0.1401804302567662,0.1075845974329055,0.06780067081935792,0.1084927671488567,0.08223447614480939,0.1482880755608028,0.10716854471349802,0.11382113821138207,0.09281015037593987,0.07932011331444755,0.11206696117182047,0.10895593869731801,0.1422970479704797,0.11247966534975595,0.07198859586600137,0.10652018151421061,0.05013192612137207,0.08934058142283152,0.060620525059665864,0.0,0.0905098804586485,0.06551388212372133,0.06028957987182526,0.02125580258978743,0.04793187347931871,0.0964870067372473,0.11306831706736487,0.10835540573079705,0.09283694627709704,0.07759640406907975,0.11247966534975595,0.11699299008943675,0.11297071129707115,0.0761074458058435,0.08716824933041145,0.08381364073006725,0.047367155566241936,0.13129879347054652,0.08391440250060112,0.10626049412329097,0.12465116279069766,
36,0.07951747907434759,0.08929007074896311,0.05183312262958284,0.07794443078436197,0.11422413793103448,0.03090394025238219,0.13206650831353917,0.08532675709001236,0.11116446578631456,0.09963811821471658,0.11822778714182514,0.11140456182472991,0.08666017526777026,0.031394750386001036,0.09731948804636559,0.15652379824769125,0.12866333095067906,0.08812729498164018,0.12824791418355186,0.04937027707808561,0.08650693568726353,0.025839793281653756,0.1336022781205506,0.12317975650513246,0.09683651291958462,0.13315926892950392,0.02990461459138949,0.15820543093270367,0.13357058125741395,0.09869375907111755,0.04658859470468435,0.08604764219737482,0.08535094155050138,0.09326550387596899,0.0905098804586485,0.0,0.036270753512132825,0.09458483754512637,0.09426627793974729,0.05945540844366726,0.04394481349003576,0.053779807204464736,0.03591731266149867,0.11833893422947672,0.09418886198547216,0.13268454782815098,0.036226218399791454,0.13319088319088324,0.10629638496528604,0.022118136872235183,0.06270378730875348,0.08519961051606617,0.07649723200805236,0.06034699522252951,0.023285899094437235,0.1451306413301663,
