Genomes,1,2,3,4,5,6,7,8,9,10,11,12,13,14,15,16,17,18,19,20,21,22,23,24,25,26,27,28,29,30,31,32,33,34,35,36,37,38,39,40,41,42,43,44,45,46,47,48,49,50,51,52,53,54,55,56,57,58,59,60,61,62,63,64,65,66,67,68,69,70,71,72,73,74,75,76,77,78,79,80,81,82,83,84,85,86,87,88,
1,0.0,0.13411341134113408,0.27826449728827707,0.14840680925360106,0.29448621553884713,0.34440969507427677,0.31891673403395315,0.3204973926995588,0.34239130434782605,0.34843749999999996,0.2767111853088481,0.3471624266144814,0.3309120258272801,0.36241610738255037,0.29933388842631137,0.3707469691044193,0.34307992202729043,0.32390438247011955,0.3300039952057531,0.34533488192024775,0.3219789132197891,0.36556693211983315,0.32590190514795303,0.3300039952057531,0.3164241164241164,0.3216612377850163,0.2952460383653044,0.2951983298538622,0.3281499202551834,0.3317230273752013,0.31919191919191914,0.331353919239905,0.2813798836242727,0.322620016273393,0.3313228789706474,0.36094452773613195,0.3378324732036523,0.3125,0.3129392310872261,0.27831174258253244,0.31288343558282206,0.27826449728827707,0.34219653179190757,0.3383162863886703,0.16441343218491056,0.2954924874791319,0.32445520581113807,0.1714659685863874,0.3779026217228464,0.2996781979082864,0.319758064516129,0.33160621761658027,0.32826869252299085,0.30008312551953453,0.4444045911047346,0.3487460815047022,0.33373158104340905,0.3343873517786561,0.31656441717791406,0.3030424339471577,0.2959098497495827,0.3285939968404423,0.1670310450371666,0.3130081300813008,0.33757961783439494,0.34281262173743665,0.31792376317923765,0.31796116504854366,0.2973760932944607,0.3176285826462505,0.3581804281345565,0.33038585209003213,0.34324853228962815,0.33101188037689466,0.3265884257385674,0.31858054226475274,0.3459752321981424,0.3464052287581699,0.330568720379147,0.3228503184713376,0.33240334794738935,0.29625,0.31441404654961214,0.2786131996658312,0.294557540506855,0.3289368505195843,0.32090761750405183,0.3305152979066023,
2,0.13411341134113408,0.0,0.27019027484143765,0.20179563916203502,0.2800679983000425,0.3217426059152678,0.31093814010651377,0.31738954195379,0.34415330465389127,0.3371677905593019,0.267879813796022,0.3278753993610224,0.3258472846059616,0.3446054750402576,0.2835947435353964,0.35326953748006384,0.3468026677128285,0.3106520858647226,0.3051124744376278,0.34388432981633454,0.30355665839536805,0.34212567882079126,0.3117525773195876,0.30649775234981613,0.2886993603411514,0.3045643153526971,0.28086550700042423,0.28079864061172477,0.31153533712428916,0.3017775940471269,0.3105284719377305,0.31695529601288763,0.2719224283305227,0.3055555555555556,0.3125512715340443,0.35532802427000376,0.32011331444759206,0.3161764705882353,0.3201827242524917,0.2694915254237288,0.29979209979209975,0.26872619551417687,0.3381379041682898,0.3314741035856573,0.1445086705202312,0.28037383177570097,0.306869600987248,0.14010743061772601,0.3606870229007634,0.2921760391198044,0.29719703215169,0.3232323232323232,0.3053965658217498,0.28147520135650694,0.4411018484958318,0.344034879112168,0.3165584415584416,0.3301358912869704,0.29431438127090304,0.2949290060851927,0.2800679983000425,0.3189102564102564,0.13715822501120578,0.29859387923904057,0.31775700934579443,0.3175109692859992,0.31129363449691994,0.3037037037037037,0.27940552016985143,0.31053677932405566,0.3505034856700232,0.31367731367731366,0.33518445061483537,0.3223930203572912,0.30689797604295743,0.31343283582089554,0.34453124999999996,0.33463490823896913,0.33027888446215137,0.31708299758259473,0.3083197389885808,0.27898089171974527,0.29357798165137616,0.2698009318085557,0.26924712888132707,0.3040098199672667,0.30667765869744434,0.3089263677498971,
3,0.27826449728827707,0.27019027484143765,0.0,0.2931104769669792,0.2881427964300892,0.32599118942731276,0.299917149958575,0.30516817063166535,0.319377990430622,0.3220747889022919,0.012682926829268304,0.3294589178356714,0.29887453105460604,0.3482647296206618,0.2821824381926684,0.3542834267413931,0.3320079522862823,0.31970861999190614,0.3101188037689472,0.3422396856581532,0.30228690228690225,0.337890625,0.3056133056133056,0.31081081081081086,0.276962899050906,0.30541666666666667,0.28892660161221895,0.28668651637601017,0.30479311757476446,0.29625,0.2980928689883914,0.30549898167006106,0.026124818577648812,0.30429345560650267,0.30575093090608196,0.3487571701720842,0.32780250910562525,0.30454545454545456,0.2824232081911263,0.019970774476376074,0.3013355592654424,0.015594541910331383,0.33646690168429294,0.32503013258336677,0.2905349794238683,0.28771780705482364,0.2992943129929432,0.2887877534133223,0.367315769377625,0.3271852445870088,0.31059983566146265,0.31799674267100975,0.3110929185427753,0.29242488362251373,0.4343692870201097,0.3310593900481541,0.3140057166190282,0.32365981459089077,0.17154434939216567,0.32907348242811496,0.2888700084961767,0.31164106709781725,0.28978916907813146,0.3141210374639769,0.31933115823817293,0.3183820584701642,0.30165975103734444,0.3094355170992995,0.2911016949152543,0.30324909747292417,0.34633385335413414,0.3145559210526315,0.31871227364185106,0.3099243061396131,0.31055900621118016,0.29914180629342046,0.3441915227629513,0.3349019607843138,0.3109311740890688,0.30906872712484745,0.31124744376278124,0.2914019483269801,0.2814345991561181,0.025254978144730433,0.1293302540415704,0.30762920426579166,0.2869710934227063,0.314662273476112,
4,0.14840680925360106,0.20179563916203502,0.2931104769669792,0.0,0.31790499390986604,0.3287937743190662,0.3337282780410743,0.34101562500000004,0.3504761904761905,0.325654041390082,0.2929910350448248,0.3463320463320463,0.3447731755424063,0.36200856364344103,0.3184584178498986,0.36833976833976834,0.3268633540372671,0.3299412915851272,0.31411530815109345,0.33307692307692305,0.330151153540175,0.3826794966691339,0.3392786365437971,0.31679237792774906,0.33373884833738854,0.3245192307692307,0.3186055938386705,0.31790499390986604,0.34706568208317135,0.34292471422940485,0.3353057199211046,0.32287171439780304,0.29748376623376627,0.32411858974358976,0.3186900958466453,0.3421839940164547,0.3384194053208138,0.3241954707985697,0.3132382892057026,0.29526916802610115,0.3233173076923077,0.29519543973941365,0.3552036199095022,0.3472222222222222,0.19797382861967072,0.31818181818181823,0.3312202852614897,0.19490445859872607,0.36217829168220816,0.3168433451118964,0.3098760495801679,0.3362068965517241,0.31639539499801506,0.320518008903278,0.4352313167259787,0.3574173712528824,0.3467082197117257,0.3434108527131783,0.29551020408163264,0.320703125,0.31858766233766234,0.3338509316770186,0.19217687074829937,0.33201267828843106,0.33882352941176475,0.3207473725184897,0.3314829500396511,0.312124849939976,0.31928687196110206,0.3352490421455939,0.36524024024024027,0.33108910891089105,0.32173573103987485,0.33373639661426846,0.32668528121260476,0.2912504994007191,0.33499807913945445,0.33549618320610686,0.3403019744483159,0.33864696734059097,0.3138657131505761,0.3175182481751825,0.3334659769200159,0.2948613376835236,0.3089727974015428,0.31237564663748507,0.3370253164556962,0.31720000000000004,
5,0.29448621553884713,0.2800679983000425,0.2881427964300892,0.31790499390986604,0.0,0.3097670617082141,0.3153526970954357,0.3204601479046837,0.3402307998408277,0.30291820797369506,0.28656462585034015,0.3249390739236393,0.29446556822982684,0.33511513157894735,0.04031465093412001,0.34674796747967485,0.3396,0.32463295269168024,0.29318276871601845,0.3246388443017657,0.287833827893175,0.3563622170179547,0.2991561181434599,0.2995833333333333,0.27736589620584384,0.30539174389216517,0.011465603190428664,0.010983524712930626,0.2934556065027094,0.2646932646932647,0.31353820598006643,0.31931400571661905,0.2883799830364716,0.30639730639730645,0.29718369062631356,0.35362095531587057,0.3232157506152584,0.31296758104738154,0.305531914893617,0.28674904132935664,0.2735849056603774,0.2874149659863946,0.3620420888542478,0.2869601328903655,0.30515463917525776,0.00849575212393805,0.2833545108005082,0.29925187032418954,0.3603254552499031,0.3088897992625973,0.2864363942712721,0.29566305254378644,0.3005828476269775,0.018371400198609722,0.43153219837157664,0.3367016976556184,0.3035714285714286,0.28684429641965026,0.28918228279386715,0.31707317073170727,0.010983524712930626,0.28648424543946927,0.29742096505823623,0.29503367003367,0.31668042939719243,0.3326645264847512,0.3008812421317667,0.31925465838509315,0.015422885572139333,0.31413612565445026,0.3141824025713138,0.3146300914380715,0.30573770491803276,0.320659062103929,0.3070469798657718,0.2912863070539419,0.32261952591402165,0.3384737050217477,0.3267126064045399,0.31807031888798043,0.2979166666666667,0.016898608349900646,0.3007169970476592,0.28632296548785685,0.28436830835117777,0.2949039264828739,0.29612468407750636,0.30058774139378674,
6,0.34440969507427677,0.3217426059152678,0.32599118942731276,0.3287937743190662,0.3097670617082141,0.0,0.33055885850178357,0.3352964271692187,0.35439665017129807,0.32511737089201875,0.3245192307692307,0.33164260632071796,0.3423031262366443,0.34410721324398896,0.31239804241435565,0.34678683385579934,0.32958074534161486,0.3320281910728269,0.038461538461538436,0.25805152979066026,0.33160828025477707,0.3756515264333582,0.3207547169811321,0.0992366412213741,0.32297628781684384,0.3253108704372242,0.309795918367347,0.30838445807770964,0.3322859387274155,0.3035569927243331,0.33016250495441934,0.3302034428794992,0.3281437125748503,0.32558139534883723,0.15900131406044682,0.35158286778398506,0.3326779394416044,0.33885601577909275,0.32428050263477903,0.3254414125200642,0.25626043405676124,0.3273309323729492,0.3559833899584749,0.34224806201550384,0.3279717536288741,0.3107390771743569,0.30511890366787586,0.31319554848966613,0.33244579688094333,0.33398209420007785,0.12026726057906456,0.2733197556008147,0.1021963245181533,0.31173594132029336,0.43326195574589577,0.3486842105263158,0.3292586750788643,0.34226884226884224,0.3162358642972536,0.3415765069551777,0.3104575163398693,0.3339813374805599,0.3107839235972941,0.33015494636471987,0.3454616588419406,0.3351372245844607,0.3196,0.32097288676236047,0.31048551611587105,0.3605442176870748,0.3635679337598796,0.3332012678288431,0.32904483430799225,0.35380933386517754,0.33545310015898255,0.31091772151898733,0.25734997986306885,0.32924021488871835,0.35952472211575315,0.33098591549295775,0.04836480884385075,0.31007751937984496,0.3474308300395257,0.3250401284109149,0.3348017621145375,0.04884792626728107,0.32655502392344493,0.11405478221823084,
7,0.31891673403395315,0.31093814010651377,0.299917149958575,0.3337282780410743,0.3153526970954357,0.33055885850178357,0.0,0.0199714693295292,0.32795275590551176,0.313953488372093,0.2969722107009539,0.3471074380165289,0.33008526187576126,0.3676296003165809,0.3200992555831266,0.37593100744805963,0.33909626719056973,0.3135832325675131,0.3170040485829959,0.33880422039859315,0.31006160164271046,0.37120060790273557,0.30569306930693074,0.3190456934896886,0.3280730897009967,0.3235173824130879,0.31677018633540377,0.3181441590720795,0.30073349633251834,0.3110655737704918,0.011057692307692268,0.34242783708975877,0.30012401818933443,0.3251633986928104,0.31894093686354374,0.3572507552870091,0.3175757575757576,0.30810147299509005,0.3168809622563252,0.2978811798919817,0.3049586776859504,0.29850746268656714,0.3298204527712725,0.3349187475227904,0.3235883059671606,0.31772990886495445,0.3036154478225144,0.32677639502207945,0.3443504996156802,0.3376828786081455,0.3310511478050745,0.330793905372895,0.3193209377526274,0.32080924855491333,0.44484498918529203,0.32427029188324674,0.3282442748091603,0.33160828025477707,0.32391482391482396,0.33884948778565804,0.31744716121011185,0.32644135188866796,0.32637494981934967,0.31962540716612375,0.3368041649979976,0.33752455795677805,0.29474989665150886,0.3218344155844156,0.3202479338842975,0.3147489126136813,0.3569230769230769,0.33090909090909093,0.3186900958466453,0.3260330578512397,0.3318458417849899,0.3317422434367542,0.3362035225048924,0.29357798165137616,0.339652448657188,0.30089213300892137,0.31878787878787884,0.31983471074380165,0.32790224032586557,0.29675810473815456,0.3076285240464345,0.3172804532577904,0.3247967479674797,0.317421460628315,
8,0.3204973926995588,0.31738954195379,0.30516817063166535,0.34101562500000004,0.3204601479046837,0.3352964271692187,0.0199714693295292,0.0,0.33528037383177567,0.3182359952324195,0.30295566502463056,0.35165692007797267,0.3282196205086798,0.3726489028213166,0.32651391162029464,0.38207913110938707,0.3437135072012456,0.3178913738019169,0.3233173076923077,0.34468085106382984,0.31516876779178526,0.3778195488721805,0.31086601307189543,0.32465972778222574,0.33374434854089596,0.328473066018631,0.32047599507591296,0.32183908045977017,0.3058918482647296,0.31546894031668693,0.01949595815501659,0.34962847086429405,0.3067484662576687,0.33009708737864074,0.3232445520581114,0.35968527538403894,0.32118542250700843,0.31115618661257605,0.3226600985221675,0.30316742081447967,0.31290849673202614,0.3037766830870279,0.3351372245844607,0.3402668759811617,0.3297661514070551,0.3214285714285714,0.3108492482730597,0.33293603496225666,0.35070368961582354,0.3423423423423423,0.3365231259968102,0.3342607313195548,0.3235883059671606,0.32515337423312884,0.4476224526278155,0.3284469096671949,0.3343936381709741,0.33701221915648405,0.33090319967598214,0.34477379095163807,0.3211498973305955,0.3312327688066168,0.33253873659117994,0.32527206771463124,0.3408730158730159,0.34280155642023347,0.3007364975450082,0.3260956976276639,0.32391482391482396,0.3196239717978848,0.36190476190476195,0.33640000000000003,0.3229125445191927,0.3303315595579206,0.33534378769601925,0.3384494293585203,0.34275755228505034,0.29936808846761453,0.3442879499217527,0.3067041348855881,0.3230584467574059,0.3255623721881391,0.3334677419354839,0.303453947368421,0.31488314883148827,0.32291666666666663,0.32971014492753625,0.3237787646346387,
9,0.34239130434782605,0.34415330465389127,0.319377990430622,0.3504761904761905,0.3402307998408277,0.35439665017129807,0.32795275590551176,0.33528037383177567,0.0,0.37377543330821406,0.31723862729449326,0.3595890410958904,0.35385814497272017,0.3770114942528736,0.34798099762470314,0.3843524496771743,0.36610169491525424,0.3588077951853267,0.3628691983122363,0.35396226415094345,0.34144427001569855,0.3989807062249727,0.3529871144084342,0.36412418551169035,0.34982050259274033,0.3561108941819602,0.34154090548054006,0.34286849423917365,0.3400542846064366,0.34622899570144583,0.3288749016522423,0.3595120091498284,0.3215421303656598,0.3557204217102694,0.35736434108527126,0.3766375545851528,0.36144116519739367,0.3401094605160282,0.3495645288994458,0.3188174190970835,0.33478260869565213,0.3213859020310633,0.3402646502835539,0.3560808234845597,0.35615914307574603,0.34312946783161236,0.35849787069299266,0.36304514154552414,0.35541496092296243,0.36118496012153434,0.36283185840707965,0.36182445381372175,0.36374089689536215,0.34206349206349207,0.467797783933518,0.3704545454545455,0.35057915057915057,0.35487571701720844,0.34488188976377954,0.3696307460437076,0.34352660841938043,0.35114503816793896,0.3614088820826953,0.34388432981633454,0.36940726577437855,0.36950807360120164,0.34077555816686256,0.3504273504273504,0.34285714285714286,0.341676147136898,0.37606520933679144,0.36342592592592593,0.37678437265214126,0.36848294786358293,0.3650793650793651,0.3512064343163539,0.35271903323262843,0.35741017964071853,0.34610962054426986,0.34449576597382603,0.3675964845242644,0.3418023025009924,0.353125,0.3184178985217738,0.33147632311977715,0.36374089689536215,0.3338582677165355,0.35916311507167764,
10,0.34843749999999996,0.3371677905593019,0.3220747889022919,0.325654041390082,0.30291820797369506,0.32511737089201875,0.313953488372093,0.3182359952324195,0.37377543330821406,0.0,0.3205953338696702,0.340847260007773,0.33120510774142065,0.3585127201565558,0.3034907597535934,0.36996904024767807,0.3264511102454227,0.33476898981989034,0.3096,0.3479923518164436,0.3210272873194222,0.39143279172821266,0.32221775813579756,0.30621242484969935,0.3224088488324457,0.315959595959596,0.30086313193588166,0.30222039473684215,0.3382987063896511,0.2904936760505916,0.31355252606255013,0.3342455043002346,0.32357658380112264,0.31759483454398707,0.3080645161290323,0.33996994740796393,0.32885906040268453,0.3389964440932438,0.32030932030932036,0.3188054882970137,0.3262439807383628,0.3213998390989542,0.35053110773899854,0.3149171270718232,0.3307179285994508,0.3018092105263158,0.3294866693195384,0.32727990525069084,0.347678369195923,0.3341130604288499,0.3201754385964912,0.3364779874213837,0.3044524669073405,0.30143737166324436,0.44849557522123895,0.34755624515128003,0.33726415094339623,0.314873417721519,0.2879473467708762,0.33333333333333337,0.3015220074043603,0.31773495871018487,0.32556301856973524,0.3382178217821782,0.3305654408857256,0.3235867446393762,0.3156626506024096,0.3157051282051282,0.30086313193588166,0.3290895061728395,0.3643556895252449,0.32469086557638616,0.10579902611775127,0.3306320907617504,0.32020891924467654,0.282433521353747,0.3473603672532517,0.32871972318339104,0.35019305019305025,0.33045864366914934,0.3093525179856115,0.30115036976170917,0.335725677830941,0.32043530834340994,0.3207928802588996,0.30920000000000003,0.3186195826645265,0.307909604519774,
11,0.2767111853088481,0.267879813796022,0.012682926829268304,0.2929910350448248,0.28656462585034015,0.3245192307692307,0.2969722107009539,0.30295566502463056,0.31723862729449326,0.3205953338696702,0.0,0.3279871692060946,0.2966207759699625,0.34879032258064513,0.28059701492537314,0.3548,0.33121272365805166,0.3188992310805342,0.3092994674313806,0.34145383104125737,0.3014553014553014,0.33710937500000004,0.30407653910149746,0.31068358575521904,0.2761000862812769,0.30316930775646367,0.2880780653372932,0.28583581454700124,0.30327868852459017,0.2961266139108705,0.29585062240663895,0.30537459283387625,0.02324455205811138,0.3027522935779816,0.30562448304383794,0.3486238532110092,0.3263157894736842,0.30371900826446285,0.28156996587030714,0.01512933138116157,0.29908103592314117,0.012682926829268304,0.33698630136986296,0.32287897064736626,0.29041546688605513,0.28686782830429236,0.29846409298464094,0.2886683209263854,0.36655211912943875,0.3250401284109149,0.3090834360871352,0.3192354615697438,0.31096563011456624,0.29157850190435886,0.4336380255941499,0.3295865114411882,0.31318905675786035,0.3215006050826946,0.17311151079136688,0.32760687175389536,0.2880203908241291,0.3108326596604689,0.2889623811492352,0.31190770498557885,0.31920097839380346,0.3189275710284114,0.3001245330012453,0.3086114544705397,0.2902542372881356,0.3004016064257028,0.34619883040935673,0.31234567901234567,0.31723027375201285,0.30908326324642554,0.30973084886128366,0.29832447895382097,0.3434065934065934,0.3341176470588235,0.3101214574898785,0.30687830687830686,0.31181038005721295,0.28983050847457625,0.2813159004639393,0.018509498295177784,0.12754158964879847,0.30750307503075036,0.2854149203688181,0.31453272951832034,
12,0.3471624266144814,0.3278753993610224,0.3294589178356714,0.3463320463320463,0.3249390739236393,0.33164260632071796,0.3471074380165289,0.35165692007797267,0.3595890410958904,0.340847260007773,0.3279871692060946,0.0,0.3351933041052212,0.34492295535361517,0.3268450932684509,0.36303501945525296,0.36657784545108485,0.3560371517027864,0.33884297520661155,0.3448408131952436,0.3270616493194556,0.3849294729027468,0.34286849423917365,0.3394964594807238,0.32651391162029464,0.1188431992769996,0.32494929006085194,0.3256191636215997,0.3402587220697766,0.3379666401906275,0.34541157936195355,0.3217665615141956,0.33026789284286284,0.11754068716094035,0.34085510688836107,0.34184823441021783,0.3354330708661417,0.34880062917813603,0.3284671532846716,0.32891566265060246,0.3188054882970137,0.3294589178356714,0.3341004986574607,0.34240186552662266,0.34178696839641043,0.3258928571428571,0.3228,0.33843737730663526,0.3414264036418816,0.36850152905198774,0.33610122578094104,0.3494728621632175,0.3364854215918046,0.3268529769137303,0.4611599297012302,0.36471944657955424,0.33333333333333337,0.3391881342701015,0.31153533712428916,0.3757115749525617,0.3262987012987013,0.34122670807453415,0.33934876422126325,0.34019801980198017,0.056682027649769595,0.31436420722135006,0.34164687252573234,0.3448955459203784,0.3256285482562855,0.364461247637051,0.36500754147812975,0.10865644724977452,0.34661508704061894,0.15388066397487665,0.10181818181818181,0.3457653457653458,0.3448408131952436,0.34148204736440035,0.35593220338983056,0.3568945538818077,0.34248724990192236,0.32454361054766734,0.3410266613609232,0.32918506623845845,0.31531897602600567,0.34040880503144655,0.3373063170441001,0.34400948991696323,
13,0.3309120258272801,0.3258472846059616,0.29887453105460604,0.3447731755424063,0.29446556822982684,0.3423031262366443,0.33008526187576126,0.3282196205086798,0.35385814497272017,0.33120510774142065,0.2966207759699625,0.3351933041052212,0.0,0.3499597747385358,0.29649936735554616,0.363780778395552,0.34683444750294923,0.33958499600957703,0.3263157894736842,0.35101404056162244,0.3236378533387956,0.37932345115925503,0.3221035332785538,0.3269931201942533,0.3152356902356902,0.3080116230801162,0.29307432432432434,0.29518581081081086,0.32984293193717273,0.3087082129591415,0.32900081234768486,0.33106485188150525,0.3026151930261519,0.3061902783547985,0.32830957230142566,0.37147158449379003,0.3221231766612642,0.3236852833265389,0.30319596299411267,0.2946839681875262,0.31376601901612233,0.3002915451895044,0.36433512682551883,0.32746196957566054,0.346703733121525,0.29620253164556964,0.30260438197602313,0.34332533972821744,0.3805744520030234,0.33889551052840683,0.32001630656339175,0.33199033037872683,0.3259109311740891,0.2972631578947369,0.4469779225479551,0.3427435387673956,0.32401782098015386,0.3240852432649779,0.3105022831050228,0.343996840442338,0.2966244725738396,0.3120967741935484,0.34292565947242204,0.31457905544147846,0.32793522267206476,0.3314829500396511,0.31470829909613807,0.3304912708079578,0.2952340784479123,0.3415492957746479,0.3588258014677481,0.3150123051681706,0.3332006369426752,0.32585203657522854,0.3152039555006181,0.32557205941389,0.35101404056162244,0.3640907343329489,0.3369132856006364,0.33186549239391516,0.3287560581583199,0.2962494732406237,0.32636326363263635,0.29640468227424754,0.30663329161451813,0.3259109311740891,0.3307535641547862,0.3302117263843648,
14,0.36241610738255037,0.3446054750402576,0.3482647296206618,0.36200856364344103,0.33511513157894735,0.34410721324398896,0.3676296003165809,0.3726489028213166,0.3770114942528736,0.3585127201565558,0.34879032258064513,0.34492295535361517,0.3499597747385358,0.0,0.3417928776094965,0.08526413345690453,0.3646237393328161,0.36160188457008247,0.33158953722334006,0.3553141970519783,0.3451612903225807,0.39489489489489493,0.3536977491961415,0.3329312424607962,0.34364686468646866,0.31353135313531355,0.33374434854089596,0.33716632443531824,0.36195352500984634,0.342741935483871,0.3698143026471751,0.3369132856006364,0.35168810289389063,0.3124226165910029,0.3295454545454546,0.36387631975867274,0.35198412698412695,0.35697211155378483,0.33866995073891626,0.3477557622321068,0.32815692684920306,0.3482647296206618,0.3942814145974417,0.3594361785434612,0.36658841940532083,0.33675564681724846,0.32873376623376627,0.3549663632766126,0.3784905660377359,0.3754358775668346,0.3287505054589568,0.33986405437824874,0.3311871227364185,0.3363412633305989,0.43527272727272726,0.36463223787167454,0.12978819287967558,0.35820895522388063,0.3311529026982829,0.37895142636854284,0.33784893267651883,0.3582323034806414,0.35326732673267325,0.3409915356711004,0.33252818035426734,0.3541341653666147,0.3517628205128205,0.36089030206677264,0.3351129363449692,0.3780999618466234,0.3541908072614909,0.32042397064818584,0.36932038834951453,0.34086242299794656,0.3233851185609158,0.34925019731649565,0.35786212238574744,0.3607376104494814,0.22556072788827763,0.3669402110199297,0.33333333333333337,0.33538587848932677,0.3571428571428571,0.34801940177849633,0.3431013431013431,0.3305152979066023,0.3326572008113591,0.32259380097879287,
15,0.29933388842631137,0.2835947435353964,0.2821824381926684,0.3184584178498986,0.04031465093412001,0.31239804241435565,0.3200992555831266,0.32651391162029464,0.34798099762470314,0.3034907597535934,0.28059701492537314,0.3268450932684509,0.29649936735554616,0.3417928776094965,0.0,0.35062829347385494,0.3388,0.3285888572590484,0.2959098497495827,0.3278622898318655,0.2949367088607595,0.35429687499999996,0.2954353338968724,0.3008739076154806,0.2712160979877515,0.30740117746005047,0.04362745098039211,0.04127764127764133,0.29758935993349955,0.27051282051282055,0.31968569065343255,0.31574642126789365,0.2817021276595745,0.30840336134453783,0.29991610738255037,0.3598005370157269,0.3285655905190029,0.31423827314238273,0.30106609808102347,0.28076923076923077,0.2764227642276422,0.2814498933901919,0.3650855365474339,0.2925113777410012,0.3085150143973674,0.04270986745213545,0.28396106644096486,0.30194939858979675,0.3614551083591331,0.3135973866884443,0.2899159663865546,0.29766860949208995,0.3032820938928126,0.051244509516837455,0.43311160384331115,0.33387292594091456,0.3104588673005374,0.290282392026578,0.2824786324786325,0.3223977318752531,0.04416094210009813,0.28990901571546734,0.3001245330012453,0.3013411567476949,0.3200164744645799,0.33386773547094184,0.299328295549958,0.3246699669966997,0.04936461388074287,0.3187474909674829,0.3214714114354258,0.3151993355481728,0.3076923076923077,0.3240623683101559,0.3097530347425701,0.2961124896608768,0.3258517034068136,0.3422712933753943,0.33333333333333337,0.31725265739983644,0.3006237006237006,0.0498290180752321,0.29556025369978856,0.28034188034188035,0.27835051546391754,0.2976240100041684,0.2988650693568726,0.30330959363217425,
16,0.3707469691044193,0.35326953748006384,0.3542834267413931,0.36833976833976834,0.34674796747967485,0.34678683385579934,0.37593100744805963,0.38207913110938707,0.3843524496771743,0.36996904024767807,0.3548,0.36303501945525296,0.363780778395552,0.08526413345690453,0.35062829347385494,0.0,0.36777178103315344,0.3724271844660194,0.3350659736105558,0.35598455598455603,0.3597294070831675,0.39835882133532263,0.35637235317618854,0.3363963244107071,0.349836333878887,0.33089430894308947,0.3440422936152908,0.34674796747967485,0.36516634050880625,0.34747798238590877,0.37681159420289856,0.3539788318306546,0.35961768219832735,0.33048780487804874,0.33373639661426846,0.37667660208643816,0.3611001964636542,0.36155063291139244,0.3462164361269324,0.3551102204408818,0.3357634669906845,0.35494197679071626,0.39895405304445275,0.37591663450405244,0.3754358775668346,0.3463414634146341,0.34228456913827654,0.3633869070952568,0.39112602535421326,0.3847334100498657,0.33360096346848656,0.3465503568596352,0.33333333333333337,0.34524776604386676,0.43781634128705715,0.3690753690753691,0.17513134851138357,0.37412858249419056,0.340080971659919,0.38755250095456284,0.34674796747967485,0.3734567901234568,0.36235294117647054,0.34970059880239523,0.3492063492063492,0.36622976098689286,0.35509554140127386,0.3647848401105409,0.3453880536367331,0.3866213151927438,0.35990801073208123,0.33815261044176703,0.381190019193858,0.35241575314656925,0.33911290322580645,0.3583431027745213,0.3578866178172001,0.37443095599393017,0.26135425268373247,0.37072981366459623,0.33612774451097804,0.34498171475010153,0.3695479777954005,0.35668534827862286,0.35253827558420625,0.33399999999999996,0.3468161794152984,0.32753036437246963,
17,0.34307992202729043,0.3468026677128285,0.3320079522862823,0.3268633540372671,0.3396,0.32958074534161486,0.33909626719056973,0.3437135072012456,0.36610169491525424,0.3264511102454227,0.33121272365805166,0.36657784545108485,0.34683444750294923,0.3646237393328161,0.3388,0.36777178103315344,0.0,0.3620689655172413,0.31361651448987693,0.3065522620904836,0.3414826498422713,0.39574935873946504,0.18895599654874895,0.3142857142857143,0.3459220570510245,0.3419074000791452,0.3395924890131842,0.33827061649319456,0.292184368737475,0.3312202852614897,0.33870333988212176,0.3321651090342679,0.3328044426814756,0.3428232502965599,0.311449159327462,0.3557941503146983,0.35141418055017437,0.20399490012749677,0.3370741482965932,0.3314741035856573,0.3281499202551834,0.3326709062003179,0.3639086484462748,0.33514352211016296,0.33773804897007387,0.33919999999999995,0.32140015910898967,0.34280155642023347,0.35674262233843856,0.346168656141702,0.32409972299168976,0.3297997644287397,0.31187922129519274,0.34144395692062224,0.44070796460176986,0.19172297297297303,0.34809634809634815,0.33255451713395634,0.31494160289971806,0.3535932721712538,0.3396,0.3287990672366887,0.34176722460101205,0.32019115890083627,0.358220502901354,0.35790273556231,0.15653694796676865,0.32898378805852113,0.34025559105431313,0.3486342943854325,0.3714072415080254,0.34884630426280794,0.3251557632398754,0.3537360890302067,0.34657749803304483,0.29486669319538406,0.30721247563352827,0.3444486547934824,0.3537753928708317,0.17984693877551017,0.31470471660721366,0.3405189620758483,0.34998033818324814,0.3330680461599682,0.34536082474226804,0.31053677932405566,0.30571198712791636,0.31669329073482433,
18,0.32390438247011955,0.3106520858647226,0.31970861999190614,0.3299412915851272,0.32463295269168024,0.3320281910728269,0.3135832325675131,0.3178913738019169,0.3588077951853267,0.33476898981989034,0.3188992310805342,0.3560371517027864,0.33958499600957703,0.36160188457008247,0.3285888572590484,0.3724271844660194,0.3620689655172413,0.0,0.31462925851703405,0.35034535686876433,0.33213141025641024,0.383668903803132,0.3272946859903382,0.3200159808230124,0.32895816242821985,0.32782258064516134,0.323960880195599,0.32463295269168024,0.3308270676691729,0.3141932875050546,0.313180169286578,0.35913312693498456,0.321226795803067,0.328093510681177,0.32194533762057875,0.3674832962138085,0.3501762632197415,0.3479462875197472,0.3123715577476367,0.31709297604547304,0.3136936204794799,0.31834750911300125,0.366553416383541,0.33176285826462504,0.33765213977228115,0.3242251223491027,0.31572580645161286,0.32098765432098764,0.3543634302984511,0.31936758893280637,0.33386327503974567,0.328968253968254,0.31961646024770274,0.3251933251933252,0.45756718528995755,0.3531468531468531,0.33504746835443033,0.3304450571090981,0.3221231766612642,0.31927473393772177,0.32394940840473274,0.3226950354609929,0.32058940661091195,0.32732371794871795,0.34606299212598424,0.35169491525423724,0.3267842822774659,0.3016646366220057,0.32259380097879287,0.34548944337811904,0.35803876852907635,0.3350597609561753,0.34060795011691347,0.3557962294424388,0.3393213572854291,0.33907595927956147,0.34907834101382484,0.3412576687116564,0.3551257253384913,0.331496062992126,0.31774580335731417,0.3235533822330888,0.33480352846832395,0.3173701298701299,0.31290849673202614,0.31625300240192156,0.3169156237383932,0.3258426966292135,
19,0.3300039952057531,0.3051124744376278,0.3101188037689472,0.31411530815109345,0.29318276871601845,0.038461538461538436,0.3170040485829959,0.3233173076923077,0.3628691983122363,0.3096,0.3092994674313806,0.33884297520661155,0.3263157894736842,0.33158953722334006,0.2959098497495827,0.3350659736105558,0.31361651448987693,0.31462925851703405,0.0,0.264825345247766,0.3166463166463166,0.3638435244967717,0.30611407468198604,0.07198892478080299,0.3059857681038092,0.31009023789991796,0.29323308270676696,0.29175387191293434,0.3168674698795181,0.2877221992558908,0.3165991902834008,0.3141256502601041,0.3130612244897959,0.3103731037310373,0.1348920863309353,0.3424345847554039,0.31657280772325025,0.3235175473981444,0.3081708834508503,0.31021748050882236,0.23878684322938915,0.3115022513303316,0.3662613981762918,0.3279207920792079,0.3145032051282052,0.2941913915587129,0.28724721419727606,0.29646197641317606,0.3439173680183627,0.3180732484076433,0.09469350411710886,0.259567387687188,0.07685227795674188,0.29595664860358484,0.4230629319752637,0.3338607594936709,0.3184559710494572,0.3279078999603017,0.2978899462143153,0.324634242783709,0.2938963210702341,0.31942789034564956,0.2939739413680782,0.3158749492488835,0.3304,0.32069510268562407,0.3022113022113022,0.3043655650754794,0.2939457202505219,0.3469702817445002,0.35074913561275456,0.3176661264181524,0.3150139386698526,0.33592153657539847,0.3206013815522145,0.29490291262135926,0.2669371196754564,0.3174168297455968,0.349609375,0.31627349060375853,0.020823473734027487,0.2942404006677797,0.33292929292929296,0.30980713992613873,0.31775317753177534,0.023178807947019875,0.31007751937984496,0.08986175115207373,
20,0.34533488192024775,0.34388432981633454,0.3422396856581532,0.33307692307692305,0.3246388443017657,0.25805152979066026,0.33880422039859315,0.34468085106382984,0.35396226415094345,0.3479923518164436,0.34145383104125737,0.3448408131952436,0.35101404056162244,0.3553141970519783,0.3278622898318655,0.35598455598455603,0.3065522620904836,0.35034535686876433,0.264825345247766,0.0,0.32342449464922707,0.39752457226064797,0.3417124901806756,0.2577487765089723,0.35282418456642806,0.33306962025316456,0.32195905258932156,0.32396627860297067,0.3372138145129996,0.3217115689381933,0.33971105037094884,0.33191324554608825,0.34494909945184027,0.33333333333333337,0.2628992628992629,0.3698430083972253,0.3561275451402228,0.34307992202729043,0.3473267326732673,0.3436885568226504,0.25383022774327124,0.34289080911233305,0.3598357596117955,0.33359073359073355,0.3464052287581699,0.32558139534883723,0.335033346410357,0.33281432463993776,0.34468562874251496,0.3433064825469889,0.2686991869918699,0.24528301886792447,0.2573409461663948,0.3245192307692307,0.4497724886244312,0.36522399392558846,0.3458413926499033,0.332300542215337,0.3235059760956175,0.34946646341463417,0.3253108704372242,0.33307632999228987,0.3304754481683554,0.3500583430571762,0.35782993459022705,0.34438095238095234,0.34180680484943293,0.33984375,0.32397754611066565,0.3710457759583178,0.36244867487868604,0.3427010148321624,0.3454475899005356,0.3707469691044193,0.3455968688845401,0.329197363319116,0.012744651797906181,0.3638733705772812,0.36587211502080974,0.3549866259075277,0.2674230145867099,0.32357658380112264,0.36052836052836057,0.34459724950884085,0.34307145677062767,0.26300813008130086,0.34077555816686256,0.2591375770020534,
21,0.3219789132197891,0.30355665839536805,0.30228690228690225,0.330151153540175,0.287833827893175,0.33160828025477707,0.31006160164271046,0.31516876779178526,0.34144427001569855,0.3210272873194222,0.3014553014553014,0.3270616493194556,0.3236378533387956,0.3451612903225807,0.2949367088607595,0.3597294070831675,0.3414826498422713,0.33213141025641024,0.3166463166463166,0.32342449464922707,0.0,0.3667687595712098,0.2846347607052897,0.31869918699186994,0.2993630573248408,0.3057748234316576,0.28425965210012727,0.287833827893175,0.28624535315985133,0.28236279849183077,0.3096509240246407,0.3222043443282381,0.3067052980132451,0.3074688796680498,0.3123715577476367,0.36084816357440364,0.3034398034398035,0.30838815789473684,0.32559104106180004,0.3044925124792013,0.29745515227367547,0.30510585305105853,0.3425457376411055,0.31519548569125355,0.3439363817097415,0.28958509737510585,0.30876904075751344,0.33654231849177696,0.35998469778117825,0.3187299035369775,0.31645569620253167,0.3059304703476483,0.3182926829268292,0.28776978417266186,0.45073980512450373,0.31854838709677424,0.3067484662576687,0.31378892033966843,0.30403998334027493,0.32534930139720564,0.290008467400508,0.3023915687069315,0.334805299076676,0.31167763157894735,0.3189585028478438,0.3287018658197698,0.2963885429638854,0.33373835560955856,0.28644067796610173,0.3223892405063291,0.3309776207302709,0.3162638263006964,0.32573940847322147,0.3340223232740802,0.3129896907216495,0.31325788197251414,0.3207622072250893,0.34099766173031953,0.327469012395042,0.30872210953346857,0.3191230207064556,0.28674290554849635,0.30045776113191847,0.3054862842892768,0.29656040268456374,0.3162393162393162,0.29237817576009995,0.31913150348217945,
22,0.36556693211983315,0.34212567882079126,0.337890625,0.3826794966691339,0.3563622170179547,0.3756515264333582,0.37120060790273557,0.3778195488721805,0.3989807062249727,0.39143279172821266,0.33710937500000004,0.3849294729027468,0.37932345115925503,0.39489489489489493,0.35429687499999996,0.39835882133532263,0.39574935873946504,0.383668903803132,0.3638435244967717,0.39752457226064797,0.3667687595712098,0.0,0.36419515943142533,0.36322188449848025,0.2888160589922163,0.37476099426386233,0.3582554517133957,0.35764430577223094,0.3731174698795181,0.3531225905936777,0.3714394227117357,0.3932667406585275,0.34059945504087197,0.37437858508604205,0.35840368380660015,0.3965087281795511,0.38389513108614237,0.37219901253323207,0.37678364828384114,0.33737769080234836,0.3541021671826625,0.33853963295587663,0.39143064633260716,0.38034983252698173,0.37808526551982047,0.35789473684210527,0.36453954910202524,0.3726450640542577,0.4232673267326733,0.3804388248419487,0.36816109422492405,0.3534351145038168,0.3634637295860236,0.35939323220536756,0.46984235777930095,0.3786407766990292,0.37037037037037035,0.3792459873086973,0.36831987697039603,0.38438771735109134,0.35764430577223094,0.37009345794392523,0.3716547304937806,0.368421052631579,0.3789077212806027,0.3966337358214417,0.3641928079571538,0.37897125567322243,0.3582554517133957,0.38706140350877194,0.3875318993802406,0.3761850587789154,0.3931466470154753,0.39127105666156203,0.376,0.37265917602996257,0.39694100509832486,0.3981916817359855,0.3816425120772947,0.3723284589426322,0.3641881638846738,0.3578660436137072,0.3465423465423465,0.33698630136986296,0.34583821805392734,0.3640850417615793,0.3700877527661198,0.3695652173913043,
23,0.32590190514795303,0.3117525773195876,0.3056133056133056,0.3392786365437971,0.2991561181434599,0.3207547169811321,0.30569306930693074,0.31086601307189543,0.3529871144084342,0.32221775813579756,0.30407653910149746,0.34286849423917365,0.3221035332785538,0.3536977491961415,0.2954353338968724,0.35637235317618854,0.18895599654874895,0.3272946859903382,0.30611407468198604,0.3417124901806756,0.2846347607052897,0.36419515943142533,0.0,0.30611407468198604,0.3013174670633234,0.3119037743674824,0.29776465626318005,0.2970004224757077,0.24459516744383214,0.30066445182724255,0.30597938144329895,0.33213141025641024,0.30651182082123596,0.3114890087100788,0.3016991297140489,0.3644965934897805,0.3136215334420881,0.16450603486812698,0.3170426065162907,0.30500000000000005,0.2993736951983299,0.3063175394846218,0.35207444746025596,0.2985318107667211,0.3431646074133121,0.2987341772151899,0.28810020876826725,0.32429149797570855,0.361791730474732,0.3199195171026157,0.3169734151329243,0.30434782608695654,0.3057037340993024,0.2997894736842105,0.4338450292397661,0.12691269126912696,0.31484502446982054,0.29635693819074904,0.31229235880398676,0.3298763462305544,0.2984381595609962,0.29318089015924864,0.3245649534601376,0.2839195979899497,0.33171521035598706,0.34632034632034636,0.0877684407096172,0.31927957429390097,0.29919932574799835,0.3438967136150235,0.3432253026161656,0.31816318163181634,0.330938123752495,0.3421269579554823,0.31906134211609716,0.2958265139116203,0.34040880503144655,0.34088246778602105,0.33731581043409,0.11121198365864726,0.30586305863058627,0.3002105263157895,0.31917525773195876,0.30599500416319736,0.30913642052565704,0.30291820797369506,0.2690355329949239,0.30855018587360594,
