Genomes,1,2,3,4,5,6,7,8,9,
1,0.0,0.996523466600447,0.9965017491254373,0.9937562437562437,0.3197767145135566,0.9965043695380774,0.9967701863354037,0.9964877069744105,0.9963334148130042,
2,0.996523466600447,0.0,0.785234899328859,0.9963157894736843,0.9964868255959849,0.9526431718061674,0.9482806052269601,0.7809983896940419,0.8212662829445623,
3,0.9965017491254373,0.785234899328859,0.0,0.9962913907284768,0.9964646464646465,0.9514428412874584,0.9485049833887044,0.61100849649058,0.7386623164763458,
4,0.9937562437562437,0.9963157894736843,0.9962913907284768,0.0,0.993436001009846,0.9962943356273161,0.9963128785883593,0.9962756052141527,0.9963777490297542,
5,0.3197767145135566,0.9964868255959849,0.9964646464646465,0.993436001009846,0.0,0.9964673227353016,0.9967361285463219,0.9964503042596349,0.9962953815756977,
6,0.9965043695380774,0.9526431718061674,0.9514428412874584,0.9962943356273161,0.9964673227353016,0.0,0.8988991888760139,0.9518105849582172,0.9503526858383071,
7,0.9967701863354037,0.9482806052269601,0.9485049833887044,0.9963128785883593,0.9967361285463219,0.8988991888760139,0.0,0.9450488145048814,0.952021563342318,
8,0.9964877069744105,0.7809983896940419,0.61100849649058,0.9962756052141527,0.9964503042596349,0.9518105849582172,0.9450488145048814,0.0,0.7524303305249513,
9,0.9963334148130042,0.8212662829445623,0.7386623164763458,0.9963777490297542,0.9962953815756977,0.9503526858383071,0.952021563342318,0.7524303305249513,0.0,
