#This file contains six matrices: shared distinct genes (1), unshared distinct genes (2), shared informative distinct genes (3), unshared informative distinct genes (4), total shared genes (5) and total unshared genes (6).

#shared distinct genes
Genomes,1,2,3,4,5,6,7,8,9,10,11,12,13,14,15,16,17,18,19,20,21,22,23,24,25,26,27,28,29,30,31,32,33,34,35,36,37,38,39,40,41,42,43,44,45,46,47,48,49,50,51,52,53,54,55,56,57,58,59,60,61,62,63,64,65,66,67,68,69,70,71,72,73,74,75,76,77,78,79,80,81,82,83,84,85,86,87,88,89,90,91,92,93,94,95,96,97,98,99,100,101,102,103,104,105,106,107,108,109,110,111,112,113,114,115,116,117,118,119,120,121,122,123,124,125,126,127,128,129,130,131,132,133,134,135,136,137,138,139,140,141,142,143,144,145,146,147,148,149,150,151,152,153,154,155,156,157,158,159,160,161,162,163,164,165,166,167,168,169,170,171,172,173,174,175,176,177,178,179,180,181,182,183,184,185,186,187,188,189,190,191,192,193,194,195,196,197,198,199,200,201,202,203,204,205,206,207,208,209,210,211,212,213,214,215,216,217,218,219,220,221,222,223,224,225,226,227,228,229,230,231,232,233,234,
1,1561,1037,1044,1036,1016,1007,997,1066,1035,1129,997,998,1037,1024,997,1010,810,1084,1038,1094,1020,1550,989,1009,1016,1012,1043,1003,1095,984,996,1036,1008,1065,998,1039,1015,1044,1057,1003,1071,1029,1088,1055,1056,1070,1078,1073,1081,1055,985,1091,1006,991,1054,1546,1096,1019,1013,1021,996,1007,1548,1093,1082,995,1030,1551,1034,1073,986,1053,1077,1021,1055,992,993,1038,991,1057,1077,1543,995,1046,1545,1127,1545,1057,1093,997,1000,1076,1071,1062,1075,1017,999,1036,1069,1017,1062,1068,1113,1007,1094,1051,1081,1543,1080,1102,1058,999,993,1037,1050,998,999,1002,1038,1011,997,1007,995,998,990,1539,999,1007,1015,1074,1005,993,1090,1066,1098,1046,1076,994,1059,1083,1028,1073,1088,1094,1539,1048,1067,1068,1033,1064,1060,1008,1036,1082,1007,1095,865,1008,1052,1034,1057,1064,1536,1004,1035,1009,1090,1536,1052,1096,1020,994,1011,1033,1090,997,996,1221,1013,1060,1013,1527,1070,1046,1531,1020,1029,1046,999,1057,1095,1101,1010,1086,999,1006,1073,998,1034,1057,1042,1034,1006,1000,1045,994,1012,1052,1529,1036,1069,1003,1081,1006,1126,1009,780,1035,1027,996,1000,1035,1069,1076,1089,1016,994,1531,1006,1025,1063,1087,1089,990,
2,1037,1552,988,954,944,947,927,996,1538,1016,934,922,1538,1144,929,1147,798,996,1534,984,945,1035,915,941,1113,947,1082,940,986,930,929,971,945,981,942,965,948,999,991,955,993,1138,1020,1060,994,987,977,990,990,966,926,982,938,925,963,1036,986,949,952,1142,927,941,1037,986,1012,926,1104,1036,1531,1009,926,975,984,954,1143,924,926,1032,939,997,983,1036,936,964,1037,1016,1037,992,983,928,937,1048,1008,1040,983,946,929,1087,989,954,1045,998,1000,945,986,980,1011,1038,1006,1014,977,929,940,1525,1176,935,929,944,1526,942,927,940,941,928,925,1038,929,947,949,1007,953,927,987,1040,1009,984,1117,926,964,1061,1152,1030,983,1009,1039,967,1008,996,1086,991,1023,946,1525,994,941,1013,815,941,982,1136,981,1055,1038,942,1525,942,986,1038,991,1020,954,934,939,1519,1029,927,926,1034,950,963,955,1037,984,970,1037,1100,950,1008,942,992,1023,1012,949,984,928,940,1000,929,1522,975,962,1520,946,1028,963,932,1135,973,1038,1137,974,938,1011,941,1019,949,771,1135,1121,926,936,1517,1037,1052,988,947,925,1038,941,960,982,1020,987,934,
3,1044,988,1505,1022,1010,1014,1006,1075,986,1057,1003,988,988,991,1007,1006,780,1059,989,1079,1014,1043,980,1004,1016,1014,1027,1015,1083,1007,1006,1036,1010,1032,1012,1038,1007,1024,1033,1007,1084,1009,1070,1045,1026,1042,1057,1053,1125,1026,990,1083,1014,996,1026,1041,1082,1034,1017,993,1004,1009,1045,1083,1063,1005,998,1043,985,1043,987,1020,1061,1022,1010,1002,1003,1023,1010,1084,1061,1042,1002,1065,1044,1059,1044,1025,1080,1005,1002,1020,1041,1051,1048,1014,1006,1020,1049,1029,1058,1039,1072,1006,1082,1020,1064,1043,1092,1074,1027,1007,1001,987,1000,1002,1007,1011,988,1003,1006,1013,1012,1006,990,1042,1007,1015,1018,1037,1017,999,1080,1054,1075,1046,1024,1005,1027,1054,993,1054,1079,1079,1043,1052,1055,1086,1011,1061,1049,1017,987,1096,1014,1077,866,1006,1019,1000,1048,1051,1046,1008,986,1015,1081,1046,1049,1059,1035,999,1021,984,1061,1005,1006,1043,1025,1026,1011,1043,1066,1052,1043,1007,1020,1046,1019,1029,1054,1072,1022,1080,1006,1003,1055,1007,985,1025,1057,985,1019,998,1059,997,1006,1022,1044,990,1057,1007,1063,1005,1060,1025,761,1003,1002,1004,1009,984,1049,1053,1082,1028,1002,1042,1005,1021,1058,1087,1082,999,
4,1036,954,1022,1524,1116,1089,1083,1027,952,1034,1112,1088,954,964,1084,969,801,1016,953,1047,1100,1035,1016,1110,982,1122,983,1105,1048,1067,1084,1071,1122,1034,1089,987,1114,993,985,1123,1023,975,1020,1002,987,1021,1038,1054,1016,1017,1065,1050,1097,1067,1016,1034,1047,1079,1104,965,1083,1123,1037,1046,1027,1080,998,1035,952,1004,1055,1003,1040,1081,995,1077,1078,987,1115,1023,1040,1034,1109,999,1036,1032,1036,987,1048,1081,1110,993,1003,1018,1035,1106,1082,1024,1031,1079,1018,1013,1047,1120,1046,1011,1020,1035,1040,1036,1006,1082,1047,953,978,1116,1083,1118,955,1105,1080,1099,1105,1084,1062,1034,1084,1119,1098,1001,1113,1077,1045,1028,1039,1050,999,1081,1016,1024,966,1028,1045,1033,1035,1038,1015,1021,983,1013,1041,1083,956,1030,1126,1029,940,1084,1017,978,990,1021,1034,1123,954,1101,1047,1034,997,1024,1127,1110,1111,953,1026,1084,1083,1001,1078,1014,1113,1035,1008,1056,1035,989,1109,1021,1117,984,1023,1031,1099,1045,1088,1112,1028,1088,954,1003,993,953,1084,1048,997,1113,969,1007,1036,982,1011,1118,1028,1083,1037,1079,761,988,992,1087,1128,954,1003,1026,1043,1092,1084,1035,1082,1100,1013,1022,1045,1100,
5,1016,944,1010,1116,1541,1137,1122,1005,942,1021,1202,1157,944,945,1122,976,791,1011,945,1023,1155,1015,1030,1503,962,1299,962,1152,1024,1102,1123,1093,1292,1042,1127,981,1173,1000,975,1189,1013,968,993,980,974,1027,1035,1059,1012,1054,1123,1022,1134,1121,1053,1015,1025,1114,1158,947,1121,1244,1017,1022,1020,1118,1006,1016,942,998,1114,985,1038,1129,977,1116,1118,967,1182,1004,1038,1015,1198,984,1017,1021,1017,972,1021,1122,1213,984,996,983,1034,1144,1123,1012,1043,1120,1002,1000,1040,1211,1022,1023,997,1016,1010,1022,993,1122,1063,945,955,1217,1122,1235,947,1495,1120,1140,1238,1121,1128,1015,1122,1162,1137,993,1176,1117,1025,996,1028,1042,975,1117,1056,1010,948,1020,1021,1029,1016,1056,995,1012,959,1001,1009,1132,945,1014,1223,1021,984,1120,1029,963,974,1014,1016,1238,944,1143,1025,1016,975,1019,1202,1219,1149,942,1019,1121,1118,1001,1119,1055,1162,1013,986,1075,1015,977,1154,989,1179,973,993,1025,1144,1026,1122,1262,1003,1123,944,989,980,945,1124,1072,985,1213,956,987,1015,965,1002,1257,1018,1123,1021,1124,758,967,959,1122,1194,943,972,1014,1023,1138,1120,1016,1123,1153,997,1014,1023,1197,
6,1007,947,1014,1089,1137,1506,1160,1013,944,1018,1146,1102,947,943,1160,951,779,995,946,1024,1234,1006,1029,1130,963,1142,969,1206,1025,1171,1160,1101,1137,1033,1201,977,1132,984,974,1129,994,952,998,983,969,1019,1031,1078,1018,1026,1139,1023,1213,1141,1027,1007,1027,1157,1196,945,1161,1149,1008,1026,1009,1159,982,1008,946,993,1134,976,1028,1195,965,1155,1157,960,1142,1002,1028,1008,1135,983,1010,1020,1010,965,1024,1159,1144,962,992,982,1021,1190,1161,980,1033,1173,999,976,1039,1141,1025,998,1009,1009,1021,1006,983,1161,1064,947,944,1145,1162,1144,948,1128,1160,1198,1136,1161,1146,1008,1163,1131,1228,990,1127,1170,1029,997,1015,1034,974,1158,1027,1001,945,984,1025,1015,1008,1038,999,992,952,996,1003,1193,948,1013,1153,1008,974,1180,1002,954,976,998,1008,1140,947,1202,1026,1008,963,1013,1133,1132,1194,945,1007,1162,1159,988,1176,1026,1118,1007,984,1073,1008,962,1208,985,1125,972,994,1007,1210,1026,1166,1147,995,1165,946,979,981,946,1181,1034,984,1145,950,980,1009,954,980,1138,1009,1178,1021,1156,759,959,956,1163,1121,944,980,987,1025,1193,1162,1011,1178,1189,993,1008,1024,1135,
7,997,927,1006,1083,1122,1160,1484,998,925,997,1130,1096,926,934,1476,945,781,996,927,1010,1154,996,1016,1118,955,1128,959,1154,1009,1149,1471,1077,1129,1020,1154,990,1110,986,980,1120,995,940,987,971,982,1008,1020,1060,1007,1026,1126,1006,1177,1132,1025,995,1013,1120,1158,936,1469,1129,996,1010,1012,1458,971,995,927,984,1114,981,1019,1163,953,1457,1456,960,1114,991,1019,994,1114,1001,996,997,996,976,1010,1463,1126,966,983,977,1010,1153,1468,968,1019,1137,987,979,1023,1118,1010,1006,988,996,1016,994,983,1460,1059,927,933,1127,1463,1127,928,1117,1458,1156,1123,1460,1128,995,1461,1115,1156,981,1104,1157,1011,983,1013,1035,961,1451,1028,995,936,975,1007,1010,996,1032,993,991,948,998,995,1158,928,1005,1131,1006,964,1149,1011,942,981,993,997,1129,926,1156,1010,997,977,997,1112,1125,1168,924,1007,1459,1452,979,1143,1026,1094,997,999,1065,997,957,1162,979,1112,978,985,996,1162,1010,1461,1119,986,1460,926,978,994,926,1145,1029,999,1125,944,984,997,942,992,1119,1011,1154,999,1133,758,949,942,1452,1107,925,968,983,1008,1159,1458,996,1152,1154,990,998,1010,1125,
8,1066,996,1075,1027,1005,1013,998,1538,994,1091,997,996,995,998,999,994,790,1056,996,1078,1019,1067,983,1003,1008,1011,1017,1007,1081,991,999,1035,1005,1037,1006,1028,1010,1025,1032,1010,1070,991,1082,1046,1037,1037,1082,1060,1094,1024,994,1081,1010,999,1025,1069,1081,1020,1018,996,998,1009,1070,1079,1091,999,1011,1069,997,1048,989,1023,1083,1022,1020,996,998,1020,1001,1081,1083,1068,1006,1045,1070,1086,1070,1034,1075,997,1000,1029,1049,1067,1048,1013,999,1010,1040,1025,1051,1026,1087,1005,1078,1018,1078,1070,1073,1078,1040,999,1003,998,1009,1004,999,1004,999,1002,997,1008,1004,999,990,1069,998,1012,1020,1047,1015,994,1076,1061,1106,1066,1030,997,1023,1053,1000,1050,1073,1109,1068,1053,1061,1067,1007,1048,1040,1015,997,1090,1006,1102,857,1009,1020,1001,1056,1062,1070,1015,997,1008,1076,1070,1042,1086,1028,996,1025,993,1077,997,998,1053,1018,1024,1015,1071,1061,1056,1071,999,1035,1057,1022,1034,1073,1075,1011,1073,1000,998,1073,999,995,1040,1036,995,1010,999,1037,999,988,1026,1071,998,1052,1001,1081,1007,1091,1025,767,999,1000,999,1005,993,1039,1059,1075,1022,996,1071,1007,1026,1052,1082,1074,999,
9,1035,1538,986,952,942,944,925,994,1550,1015,932,921,1540,1143,927,1143,796,993,1533,982,943,1033,913,939,1111,944,1081,938,984,928,927,969,943,982,941,962,946,996,989,953,989,1132,1016,1057,991,986,975,986,988,965,924,980,936,923,961,1035,984,947,950,1140,925,942,1035,984,1009,924,1103,1034,1529,1006,924,973,982,952,1139,922,925,1030,937,995,981,1034,936,961,1036,1015,1035,989,981,926,935,1045,1005,1037,982,944,927,1087,987,952,1043,997,998,943,984,978,1008,1036,1003,1013,974,927,937,1526,1174,934,927,942,1527,940,925,938,940,926,923,1037,927,945,948,1004,952,925,985,1037,1006,982,1114,924,963,1060,1151,1027,981,1007,1037,965,1006,992,1083,988,1021,944,1526,992,939,1010,814,941,980,1134,979,1051,1037,940,1523,940,984,1037,989,1017,952,932,940,1521,1026,925,924,1032,948,962,952,1036,982,968,1036,1099,947,1006,940,990,1021,1010,947,982,926,938,999,927,1522,972,959,1516,943,1027,960,930,1136,971,1036,1133,972,936,1009,941,1016,947,769,1132,1120,924,935,1518,1035,1049,986,945,923,1036,941,957,979,1019,985,933,
10,1129,1016,1057,1034,1021,1018,997,1091,1015,1589,1005,1007,1015,1007,998,990,811,1083,1015,1090,1040,1133,988,1016,1008,1021,1022,1018,1091,994,999,1055,1022,1060,1012,1040,1025,1030,1030,1020,1076,1008,1079,1046,1039,1062,1094,1077,1078,1042,995,1088,1013,998,1043,1133,1091,1020,1023,1006,998,1015,1135,1091,1094,995,1025,1133,1014,1073,989,1039,1099,1029,1044,992,995,1030,999,1061,1099,1132,1009,1040,1133,1556,1133,1040,1090,999,1006,1045,1072,1063,1067,1027,1001,1024,1059,1027,1051,1057,1165,1022,1092,1046,1078,1133,1087,1097,1051,1001,1008,1017,1024,1006,1000,1019,1019,1015,1000,1005,1014,1000,999,1133,1000,1012,1023,1071,1024,993,1088,1066,1095,1054,1053,996,1045,1083,1008,1086,1086,1094,1134,1068,1068,1075,1015,1058,1050,1027,1018,1088,1014,1088,869,1013,1044,1016,1040,1077,1133,1021,1017,1008,1088,1133,1032,1101,1029,1011,1020,1015,1084,998,995,1070,1026,1045,1021,1133,1057,1068,1132,1014,1042,1038,1015,1028,1093,1098,1019,1087,1000,1018,1088,1001,1015,1049,1038,1015,1018,1009,1042,1005,993,1045,1132,1012,1074,1016,1086,1011,1527,1017,775,1007,1003,998,1014,1013,1051,1066,1091,1028,996,1132,1010,1039,1057,1098,1091,1002,
11,997,934,1003,1112,1202,1146,1130,997,932,1005,1518,1134,933,944,1130,953,768,997,934,1010,1139,996,1027,1206,961,1223,962,1148,1011,1117,1131,1082,1218,1024,1134,982,1166,979,969,1200,995,948,991,971,970,1016,1021,1049,1013,1026,1115,1011,1137,1111,1024,995,1013,1118,1140,944,1130,1250,996,1010,1008,1128,1001,996,932,987,1105,967,1024,1130,962,1127,1126,962,1184,1004,1024,996,1269,985,998,1006,998,968,1010,1128,1322,955,987,983,1018,1140,1129,985,1034,1124,991,976,1031,1189,1010,992,995,998,1014,998,973,1128,1063,934,940,1300,1130,1302,935,1197,1127,1143,1230,1129,1113,997,1131,1163,1129,985,1166,1123,1014,990,1014,1029,964,1127,1024,1000,946,983,1009,1011,997,1031,995,990,950,1003,997,1130,934,1011,1302,1005,982,1118,999,951,973,999,999,1254,933,1147,1012,999,965,1004,1157,1241,1141,931,1006,1128,1128,979,1121,1022,1149,997,987,1069,998,959,1135,994,1162,969,981,1005,1145,1012,1131,1226,992,1133,933,969,984,933,1128,1054,987,1290,945,969,998,951,980,1222,1005,1122,1006,1121,759,950,955,1129,1168,932,971,990,1011,1134,1128,998,1122,1130,1003,1000,1011,1227,
12,998,922,988,1088,1157,1102,1096,996,921,1007,1134,1520,922,922,1098,933,793,1000,921,1004,1127,997,1025,1156,935,1154,942,1122,1006,1087,1099,1066,1168,1015,1101,979,1142,982,976,1138,995,931,983,958,971,997,1011,1036,1000,1064,1134,1005,1109,1127,1063,998,1006,1081,1118,921,1097,1145,999,1004,1000,1094,967,998,920,974,1121,992,1014,1094,945,1092,1094,962,1137,988,1013,996,1133,985,998,1006,997,970,1003,1097,1147,984,974,967,1002,1121,1099,973,1013,1097,973,986,1028,1149,1004,1017,988,996,994,1002,991,1099,1029,921,927,1146,1099,1145,922,1152,1097,1106,1134,1100,1141,997,1099,1117,1105,970,1124,1104,1006,975,1006,1026,948,1096,1063,986,923,994,1002,1005,996,1038,987,994,938,979,987,1103,920,999,1149,1002,1000,1080,1018,943,975,983,998,1142,920,1108,1004,998,976,990,1143,1158,1119,918,998,1098,1096,981,1084,1060,1102,995,987,1049,997,953,1121,968,1133,976,980,1007,1104,1004,1100,1146,977,1102,919,989,983,921,1090,1020,987,1141,927,995,996,941,1007,1151,998,1085,1004,1088,765,941,933,1100,1137,919,950,984,1005,1114,1098,996,1085,1128,976,996,1005,1133,
13,1037,1538,988,954,944,947,926,995,1540,1015,933,922,1548,1144,928,1146,797,996,1534,984,944,1035,914,940,1112,947,1081,938,986,929,928,970,944,983,942,963,947,999,990,953,992,1135,1018,1059,993,987,977,989,990,966,925,982,937,924,962,1037,986,949,952,1141,926,944,1037,986,1011,925,1102,1036,1529,1009,925,974,984,953,1141,923,926,1030,940,996,983,1036,937,962,1038,1015,1037,991,983,927,936,1047,1008,1039,983,947,928,1086,989,953,1044,998,1000,943,986,979,1008,1038,1006,1013,975,928,937,1525,1176,935,928,943,1526,942,926,940,941,927,924,1039,928,947,950,1007,954,926,987,1039,1008,984,1115,925,964,1062,1153,1030,983,1009,1039,966,1008,995,1083,989,1022,946,1528,993,941,1012,815,942,981,1135,980,1055,1039,941,1527,942,986,1039,990,1020,954,933,941,1519,1027,926,925,1033,948,963,954,1038,983,970,1038,1098,950,1006,942,991,1022,1012,948,984,927,941,999,928,1522,973,960,1518,946,1027,961,930,1134,972,1038,1135,973,938,1012,942,1017,949,771,1133,1120,925,937,1518,1037,1051,987,946,924,1038,942,959,980,1020,986,934,
14,1024,1144,991,964,945,943,934,998,1143,1007,944,922,1144,1501,935,1125,791,1005,1143,991,949,1023,921,941,1107,950,1064,943,991,923,934,967,948,985,941,975,950,998,982,955,1003,1112,1010,1061,990,991,986,995,994,969,928,992,939,936,968,1025,993,957,955,1471,934,949,1024,992,995,934,1087,1023,1142,1012,926,975,995,956,1115,933,934,1047,943,1000,994,1023,945,975,1024,1008,1023,989,993,935,942,1016,1009,1036,989,951,937,1084,991,957,1038,992,1005,938,992,974,995,1023,1000,1013,975,936,953,1144,1152,944,937,947,1144,943,936,942,938,936,926,1024,936,945,949,1013,958,929,995,1033,1005,982,1091,935,967,1031,1479,1017,992,1010,1023,974,1014,1007,1093,1001,1012,947,1145,997,948,1007,815,945,978,1118,982,1038,1024,948,1144,945,993,1024,992,1014,957,936,949,1141,1013,935,937,1023,946,967,954,1025,990,969,1025,1107,951,1023,943,986,1004,1006,943,991,936,944,998,936,1143,973,972,1141,946,1040,972,938,1123,973,1024,1121,989,944,995,945,1010,951,771,1114,1123,934,937,1140,1040,1052,992,951,932,1025,944,961,993,1012,993,932,
15,997,929,1007,1084,1122,1160,1476,999,927,998,1130,1098,928,935,1484,946,781,996,929,1011,1154,996,1016,1118,956,1129,959,1153,1010,1148,1474,1077,1128,1021,1154,991,1112,986,981,1120,995,940,988,972,983,1009,1020,1061,1007,1027,1127,1007,1177,1133,1026,995,1014,1121,1157,937,1469,1129,996,1011,1012,1458,972,995,929,984,1115,982,1019,1164,955,1457,1456,962,1115,991,1019,994,1114,1002,996,998,996,978,1011,1466,1126,966,983,978,1011,1152,1468,968,1021,1137,988,979,1024,1119,1011,1005,990,996,1016,994,983,1461,1060,928,934,1128,1465,1127,929,1117,1462,1156,1123,1464,1129,995,1463,1117,1157,981,1103,1157,1012,984,1013,1036,962,1451,1029,996,937,976,1008,1010,996,1033,993,991,949,999,994,1159,929,1005,1131,1006,965,1150,1011,943,982,994,997,1130,927,1156,1011,997,977,998,1114,1125,1167,925,1008,1460,1452,979,1143,1027,1095,997,1000,1066,997,957,1162,980,1113,980,985,997,1163,1011,1462,1120,987,1461,927,978,995,927,1147,1028,1000,1125,945,985,997,943,992,1120,1011,1154,1000,1132,758,950,943,1456,1107,926,969,985,1009,1158,1458,997,1152,1155,992,998,1011,1126,
16,1010,1147,1006,969,976,951,945,994,1143,990,953,933,1146,1125,946,1524,802,1011,1144,989,963,1010,926,974,1110,967,1089,962,987,938,946,978,968,988,952,971,963,1004,985,978,1011,1133,1009,1045,988,994,970,996,1001,968,933,989,948,940,967,1010,990,960,965,1129,945,959,1010,989,994,946,1087,1010,1144,1012,930,984,974,959,1105,944,945,1037,952,1018,973,1011,966,965,1012,987,1012,985,991,946,958,1029,1008,1047,990,961,946,1105,997,964,1055,1005,992,963,989,984,998,1012,1011,1023,986,947,951,1143,1145,960,947,968,1143,974,946,949,951,946,932,1012,947,959,955,1011,974,933,994,1036,1005,994,1070,946,969,1057,1128,1030,990,1005,1012,987,1016,1013,1081,992,1037,957,1147,997,965,1009,824,951,987,1127,981,1059,1011,960,1147,951,991,1011,1013,999,985,955,958,1144,1014,945,947,1036,953,968,972,1010,986,970,1010,1111,960,1023,966,988,1004,1012,956,990,946,960,1009,947,1146,978,964,1146,954,1038,963,951,1142,983,1010,1125,990,959,996,951,991,961,761,1129,1136,944,965,1146,1036,1062,990,958,942,1012,951,967,981,1011,991,943,
17,810,798,780,801,791,779,781,790,796,811,768,793,797,791,781,802,1548,808,796,796,805,811,789,787,792,796,804,798,794,774,782,800,803,810,778,792,793,801,796,794,808,806,789,796,793,808,790,793,785,804,780,793,781,777,805,811,796,775,796,792,781,790,811,793,795,780,784,811,799,795,779,811,789,779,820,778,780,805,771,795,789,808,780,780,809,807,809,788,792,780,779,832,796,785,804,784,782,793,803,782,797,805,803,786,794,811,787,809,791,807,808,782,781,798,806,780,782,792,799,788,780,784,775,781,782,809,781,777,788,795,773,783,792,789,796,797,799,779,806,807,792,806,790,795,809,807,790,810,793,788,804,784,799,794,785,797,670,777,811,808,782,793,810,795,799,784,794,810,786,785,795,792,779,798,787,781,781,800,775,807,775,810,789,783,810,815,799,785,777,796,803,801,779,794,782,788,807,783,798,807,780,799,777,791,780,781,796,807,810,806,813,790,791,775,810,779,1162,810,801,782,779,797,796,813,794,775,781,809,775,805,790,788,792,775,
18,1084,996,1059,1016,1011,995,996,1056,993,1083,997,1000,996,1005,996,1011,808,1519,995,1061,1025,1085,982,1010,1016,1014,1034,1013,1059,980,995,1043,1017,1045,993,1022,1026,1031,1041,1012,1080,1016,1068,1028,1038,1052,1052,1055,1060,1045,980,1056,996,980,1044,1085,1061,1020,1022,1005,995,1016,1083,1057,1065,993,1003,1083,993,1069,975,1054,1050,1006,1029,992,992,1037,992,1061,1049,1082,1001,1038,1084,1082,1083,1043,1061,994,1006,1051,1068,1043,1048,1002,997,1030,1052,1003,1050,1040,1099,1014,1057,1042,1072,1082,1085,1091,1055,995,994,996,1010,1007,996,1016,996,1012,995,991,999,996,976,1083,997,1005,1018,1064,1009,988,1057,1048,1080,1044,1034,992,1045,1059,1006,1075,1059,1079,1081,1062,1073,1084,1022,1045,1070,1002,997,1067,1011,1074,862,999,1040,1010,1046,1039,1084,1020,997,992,1058,1084,1037,1064,1029,1006,1010,995,1056,995,994,1070,1002,1046,1010,1085,1053,1035,1085,1029,1018,1050,1000,1039,1063,1080,1005,1055,998,1015,1079,997,996,1053,1037,998,1003,1003,1039,999,1002,1050,1082,1009,1073,1016,1070,999,1085,1005,771,1022,1026,996,1010,993,1044,1074,1054,1013,994,1080,998,1031,1053,1073,1054,992,
19,1038,1534,989,953,945,946,927,996,1533,1015,934,921,1534,1143,929,1144,796,995,1557,985,945,1036,914,940,1109,947,1080,939,987,929,928,967,945,983,941,965,947,999,989,953,991,1134,1021,1061,994,988,978,989,991,966,925,983,937,924,963,1037,987,950,952,1141,927,944,1037,987,1010,926,1100,1037,1529,1010,926,973,986,954,1140,923,926,1031,939,997,984,1036,937,965,1038,1015,1038,991,984,928,938,1047,1009,1040,984,948,929,1086,989,952,1045,998,999,944,987,979,1009,1039,1006,1013,977,929,938,1532,1176,935,929,944,1532,942,927,941,940,928,924,1038,929,947,950,1009,952,926,988,1040,1009,984,1115,925,964,1061,1152,1026,984,1009,1039,966,1008,993,1084,990,1024,945,1529,996,941,1011,814,941,980,1136,981,1053,1039,942,1526,943,987,1039,991,1020,953,933,941,1525,1026,927,926,1035,947,964,953,1037,983,970,1038,1097,949,1007,943,990,1022,1013,948,985,928,941,1001,929,1526,976,963,1519,945,1026,963,931,1136,972,1038,1136,974,939,1010,941,1017,948,769,1134,1121,926,937,1521,1038,1051,988,947,925,1039,941,959,981,1021,987,934,
20,1094,984,1079,1047,1023,1024,1010,1078,982,1090,1010,1004,984,991,1011,989,796,1061,985,1554,1026,1091,999,1021,996,1025,1008,1017,1529,989,1012,1044,1020,1053,1015,1078,1026,1016,1039,1027,1087,991,1070,1049,1038,1052,1101,1049,1079,1026,998,1508,1017,1002,1026,1087,1542,1037,1022,992,1011,1022,1090,1522,1080,1013,1002,1090,984,1047,1005,1038,1101,1021,1009,1009,1011,1010,1015,1068,1102,1086,1012,1078,1088,1088,1088,1036,1517,1010,1007,1025,1044,1051,1057,1024,1012,1014,1053,1028,1044,1036,1100,1019,1523,1014,1064,1087,1080,1074,1041,1013,1014,986,996,1012,1012,1019,987,1021,1011,1024,1019,1011,997,1085,1011,1020,1026,1042,1026,1002,1511,1032,1089,1069,1026,1010,1029,1051,992,1069,1510,1086,1087,1061,1057,1085,1003,1093,1051,1023,985,1114,1022,1082,869,1022,1017,998,1048,1055,1086,1023,985,1024,1531,1086,1031,1080,1031,1009,1035,984,1080,1010,1012,1044,1026,1030,1020,1086,1093,1063,1085,999,1035,1037,1019,1038,1081,1077,1022,1520,1012,1016,1070,1012,984,1039,1074,984,1025,998,1078,1007,989,1034,1087,996,1067,1018,1077,1022,1084,1028,769,1005,1006,1011,1027,982,1039,1058,1513,1019,1009,1087,1022,1033,1098,1088,1512,1007,
21,1020,945,1014,1100,1155,1234,1154,1019,943,1040,1139,1127,944,949,1154,963,805,1025,945,1026,1548,1021,1030,1153,971,1152,971,1233,1027,1166,1154,1112,1157,1059,1196,986,1150,988,977,1148,1021,961,997,985,980,1033,1033,1076,1029,1043,1140,1027,1201,1148,1044,1022,1029,1157,1243,950,1157,1157,1021,1027,1018,1154,992,1021,946,992,1135,995,1031,1172,978,1151,1154,979,1135,1006,1031,1020,1137,992,1022,1038,1022,977,1026,1154,1147,988,993,991,1039,1232,1157,991,1061,1162,995,995,1048,1156,1027,1013,1009,1021,1025,1018,997,1155,1063,946,957,1143,1155,1154,947,1152,1154,1217,1137,1152,1145,1020,1155,1133,1225,990,1122,1165,1031,990,1033,1043,971,1150,1046,1011,949,995,1027,1031,1021,1055,1001,1022,969,998,1013,1196,946,1019,1151,1024,977,1188,1012,979,981,999,1020,1156,945,1217,1029,1020,972,1020,1153,1148,1196,943,1010,1153,1151,998,1182,1044,1118,1019,991,1074,1020,979,1224,994,1129,975,1006,1024,1210,1030,1155,1155,1010,1155,945,994,987,945,1176,1037,991,1143,955,999,1019,972,1001,1156,1016,1187,1038,1162,762,974,960,1154,1134,944,981,1004,1028,1195,1153,1021,1187,1202,1002,1013,1027,1133,
22,1550,1035,1043,1035,1015,1006,996,1067,1033,1133,996,997,1035,1023,996,1010,811,1085,1036,1091,1021,1562,990,1008,1016,1012,1041,1002,1092,982,995,1035,1009,1066,998,1038,1016,1043,1057,1002,1073,1026,1087,1055,1053,1069,1079,1073,1082,1053,983,1088,1006,989,1052,1548,1093,1019,1012,1020,995,1005,1545,1090,1081,992,1031,1548,1033,1071,985,1050,1078,1017,1056,991,991,1039,989,1059,1078,1541,995,1046,1542,1131,1544,1055,1090,995,998,1076,1072,1057,1075,1017,998,1036,1067,1016,1062,1067,1112,1006,1091,1052,1081,1538,1079,1102,1058,996,991,1036,1050,996,997,1001,1037,1010,996,1005,996,997,988,1535,998,1007,1017,1073,1005,992,1087,1066,1098,1046,1075,992,1057,1083,1027,1072,1085,1093,1535,1051,1068,1070,1031,1063,1058,1008,1035,1081,1005,1094,865,1005,1053,1031,1057,1063,1534,1003,1034,1007,1087,1534,1051,1094,1019,995,1010,1032,1091,995,994,1217,1012,1058,1012,1534,1071,1045,1531,1017,1028,1045,999,1057,1092,1102,1009,1083,996,1007,1075,997,1032,1056,1042,1033,1005,1002,1045,994,1009,1051,1527,1034,1068,1004,1081,1003,1130,1009,781,1033,1024,994,1001,1033,1069,1076,1086,1014,993,1528,1003,1025,1062,1089,1086,991,
23,989,915,980,1016,1030,1029,1016,983,913,988,1027,1025,914,921,1016,926,789,982,914,999,1030,990,1421,1027,940,1028,947,1026,1000,1010,1016,1002,1036,977,1017,983,1031,974,982,1024,974,926,978,950,963,970,998,1008,993,996,1036,998,1029,1034,995,990,1001,1015,1020,922,1015,1025,991,998,982,1013,944,991,917,970,1023,975,992,1022,942,1011,1013,956,1020,987,992,990,1019,977,991,981,991,959,996,1014,1024,962,972,961,974,1023,1016,939,973,1011,966,964,999,1026,998,974,989,991,987,980,981,1016,1079,917,919,1025,1017,1031,918,1026,1014,1027,1033,1017,1031,991,1018,1030,1030,968,1020,1016,1000,968,989,994,941,1015,993,960,921,961,999,992,991,1013,986,976,929,983,965,1017,917,986,1033,987,887,1015,970,926,972,957,989,1033,917,1027,1002,989,964,983,1020,1039,1016,915,982,1017,1016,980,1013,993,1026,989,979,1014,990,930,1021,959,1019,980,965,974,1033,1000,1018,1031,970,1020,915,979,978,917,1017,968,979,1022,927,975,990,925,981,1027,981,1014,980,1013,775,927,936,1019,1010,913,956,958,1000,1026,1017,991,1014,1024,986,984,998,1032,
24,1009,941,1004,1110,1503,1130,1118,1003,939,1016,1206,1156,940,941,1118,974,787,1010,940,1021,1153,1008,1027,1552,963,1309,958,1153,1022,1105,1119,1089,1291,1035,1125,982,1173,996,975,1186,1009,967,985,976,970,1019,1028,1054,1010,1052,1126,1020,1136,1124,1051,1007,1023,1111,1152,942,1117,1247,1008,1020,1018,1116,1007,1008,941,990,1115,982,1029,1123,973,1115,1117,966,1172,998,1029,1008,1207,981,1009,1016,1009,967,1019,1116,1220,977,989,978,1024,1146,1117,1007,1038,1121,997,998,1033,1211,1020,1023,994,1008,1006,1016,988,1116,1064,940,952,1226,1116,1236,941,1533,1114,1139,1254,1115,1128,1008,1116,1160,1137,987,1181,1115,1023,992,1026,1040,968,1114,1053,1011,943,1017,1019,1027,1008,1052,998,1011,959,999,1004,1132,940,1013,1233,1020,979,1122,1027,959,968,1009,1008,1243,940,1140,1023,1008,972,1013,1202,1217,1150,938,1015,1115,1114,1000,1116,1051,1167,1006,981,1075,1007,974,1151,985,1178,973,992,1017,1142,1024,1116,1260,997,1117,940,986,979,940,1130,1080,984,1223,954,983,1007,961,996,1254,1013,1127,1015,1123,756,968,957,1118,1199,939,969,1011,1022,1139,1116,1008,1127,1153,999,1009,1022,1198,
25,1016,1113,1016,982,962,963,955,1008,1111,1008,961,935,1112,1107,956,1110,792,1016,1109,996,971,1016,940,963,1481,964,1088,964,997,947,956,988,967,996,968,984,969,1025,998,971,1019,1124,1017,1051,1011,999,985,1018,1013,977,951,999,967,955,979,1017,999,979,966,1104,955,962,1015,998,1002,956,1088,1015,1113,1029,945,991,991,973,1107,954,956,1050,967,1018,991,1016,962,975,1016,1008,1016,1006,996,954,958,1031,1027,1039,997,972,956,1077,1005,978,1045,1016,999,969,998,999,1013,1016,1015,1030,984,956,975,1110,1130,963,956,961,1111,963,954,971,962,955,950,1016,955,966,972,1029,976,952,1001,1037,1017,1007,1072,955,979,1047,1103,1023,995,1013,1016,994,1023,1024,1081,1011,1026,972,1111,1004,965,1016,827,968,998,1126,996,1041,1018,966,1114,971,1000,1018,1017,1010,975,955,976,1111,1009,955,957,1043,972,979,984,1020,995,987,1020,1102,970,1030,963,1000,1018,1019,975,1001,957,963,1016,957,1114,986,972,1113,969,1055,971,958,1118,991,1019,1126,996,962,1005,967,1015,972,772,1128,1118,958,957,1110,1051,1050,1001,972,955,1019,966,970,1005,1014,1002,963,
26,1012,947,1014,1122,1299,1142,1128,1011,944,1021,1223,1154,947,950,1129,967,796,1014,947,1025,1152,1012,1028,1309,964,1531,966,1160,1026,1113,1130,1100,1278,1037,1136,985,1178,979,978,1195,1021,967,1000,986,978,1025,1035,1062,1015,1043,1124,1025,1146,1124,1042,1011,1027,1119,1159,953,1128,1266,1015,1025,1020,1126,1008,1013,945,1000,1120,987,1038,1134,973,1122,1124,975,1179,1011,1038,1010,1212,990,1012,1020,1012,975,1026,1128,1219,987,1000,989,1034,1150,1128,996,1047,1123,1002,983,1044,1211,1025,1009,1002,1011,1017,1015,991,1129,1059,947,956,1225,1128,1249,948,1303,1126,1147,1287,1128,1131,1010,1128,1183,1144,996,1157,1115,1027,1006,1030,1044,974,1122,1046,1018,954,1008,1023,1029,1011,1055,1001,1018,960,1003,1010,1137,949,1019,1238,1023,985,1122,1017,960,976,1011,1012,1259,947,1148,1026,1012,971,1013,1176,1216,1157,945,1015,1126,1124,982,1123,1044,1153,1009,995,1076,1010,977,1161,997,1166,976,987,1033,1142,1027,1129,1286,1003,1129,945,988,988,946,1134,1057,992,1218,965,989,1011,963,999,1283,1020,1124,1020,1130,765,964,961,1128,1191,944,978,1012,1025,1141,1126,1011,1125,1154,1003,1015,1027,1214,
27,1043,1082,1027,983,962,969,959,1017,1081,1022,962,942,1081,1064,959,1089,804,1034,1080,1008,971,1041,947,958,1088,966,1508,967,1008,948,960,988,960,1008,966,994,971,1018,1020,976,1031,1080,1036,1056,1017,1016,987,1022,1023,981,948,1005,963,957,982,1043,1011,976,977,1064,958,959,1044,1009,1028,959,1048,1043,1081,1044,946,1012,990,981,1082,956,957,1032,967,1051,989,1044,963,989,1046,1024,1046,1015,1009,959,966,1063,1041,1053,1013,976,959,1063,1017,975,1069,1019,1014,967,1009,1006,1034,1046,1031,1047,1004,960,973,1084,1091,962,960,967,1087,958,958,970,961,959,947,1046,959,970,970,1044,982,952,1009,1042,1031,1012,1071,958,983,1059,1065,1036,1007,1032,1047,990,1054,1036,1060,1023,1036,973,1087,1008,965,1033,823,966,1002,1082,1017,1057,1046,963,1087,972,1011,1046,1029,1023,985,951,976,1084,1022,957,959,1062,971,983,976,1046,1013,986,1045,1083,967,1043,970,1019,1029,1046,974,1009,958,956,1038,959,1086,1000,986,1084,963,1027,987,954,1073,1010,1046,1081,1020,959,1029,964,1029,976,779,1081,1083,956,961,1082,1061,1060,1008,973,954,1047,964,974,1012,1030,1009,952,
28,1003,940,1015,1105,1152,1206,1154,1007,938,1018,1148,1122,938,943,1153,962,798,1013,939,1017,1233,1002,1026,1153,964,1160,967,1516,1018,1154,1154,1115,1173,1051,1208,974,1139,978,968,1158,1015,956,993,975,978,1030,1024,1060,1017,1036,1142,1020,1210,1157,1036,1003,1020,1148,1232,944,1156,1174,1004,1018,1014,1155,978,1003,941,989,1143,988,1024,1176,968,1151,1153,967,1139,1005,1024,1002,1156,982,1004,1018,1004,972,1018,1153,1157,983,988,981,1031,1187,1156,991,1047,1175,996,985,1038,1165,1018,1005,999,1003,1016,1013,991,1155,1073,941,949,1161,1155,1172,942,1151,1151,1213,1142,1154,1153,1002,1157,1132,1204,987,1131,1171,1022,990,1021,1037,967,1154,1038,1011,944,994,1018,1019,1004,1058,994,1016,961,994,1011,1181,941,1016,1170,1013,972,1166,1007,960,971,1001,1003,1174,940,1214,1020,1003,963,1009,1140,1152,1191,938,1005,1156,1158,980,1165,1036,1113,1002,979,1070,1002,971,1209,984,1122,967,995,1011,1207,1021,1157,1159,998,1158,940,985,978,940,1183,1046,982,1161,954,991,1002,958,992,1163,1013,1168,1019,1163,757,966,959,1153,1143,939,978,1000,1019,1182,1154,1004,1167,1196,992,1005,1020,1139,
29,1095,986,1083,1048,1024,1025,1009,1081,984,1091,1011,1006,986,991,1010,987,794,1059,987,1529,1027,1092,1000,1022,997,1026,1008,1018,1545,992,1011,1047,1021,1057,1017,1081,1028,1016,1043,1028,1088,994,1072,1049,1041,1055,1101,1052,1082,1027,999,1515,1018,1003,1027,1088,1527,1039,1022,992,1010,1023,1091,1538,1078,1012,1003,1091,986,1050,1007,1040,1101,1024,1010,1008,1010,1011,1016,1066,1102,1089,1013,1077,1091,1089,1091,1038,1519,1009,1008,1025,1047,1055,1060,1025,1011,1014,1054,1028,1042,1038,1099,1021,1534,1013,1064,1090,1081,1072,1042,1012,1016,989,998,1013,1011,1020,989,1022,1010,1025,1020,1010,998,1088,1010,1022,1028,1045,1028,1005,1516,1036,1088,1067,1027,1009,1030,1049,992,1070,1515,1086,1090,1063,1055,1086,1003,1096,1051,1026,986,1113,1023,1082,872,1024,1016,999,1051,1058,1089,1025,986,1025,1517,1089,1033,1084,1033,1011,1036,985,1083,1009,1011,1045,1028,1031,1022,1089,1096,1065,1088,1000,1038,1035,1020,1042,1083,1076,1023,1512,1011,1017,1073,1011,985,1040,1074,985,1028,999,1078,1009,990,1035,1090,997,1068,1019,1075,1024,1085,1031,768,1003,1007,1010,1029,985,1038,1061,1527,1020,1008,1090,1024,1036,1101,1086,1526,1009,
30,984,930,1007,1067,1102,1171,1149,991,928,994,1117,1087,929,923,1148,938,774,980,929,989,1166,982,1010,1105,947,1113,948,1154,992,1444,1148,1076,1117,1013,1166,970,1106,973,975,1104,974,935,980,958,974,993,998,1055,1002,1018,1116,990,1173,1133,1019,984,992,1135,1162,924,1150,1121,984,992,991,1144,964,984,929,972,1108,969,999,1164,941,1142,1143,958,1111,987,998,984,1113,980,985,993,985,970,988,1147,1114,960,973,960,998,1154,1149,966,1023,1129,974,971,1011,1116,991,995,994,984,1006,983,972,1148,1041,930,927,1114,1150,1110,929,1101,1148,1170,1122,1148,1126,984,1151,1101,1163,970,1100,1203,993,979,1000,1011,945,1145,1019,980,923,968,989,1002,984,1019,984,976,934,978,980,1165,930,1003,1123,996,963,1149,997,931,965,982,983,1108,930,1171,991,983,969,992,1093,1116,1165,928,993,1149,1145,967,1153,1018,1089,982,980,1067,983,946,1169,971,1101,971,974,981,1159,991,1152,1112,974,1153,930,968,975,930,1159,1017,978,1117,935,970,983,931,980,1109,992,1152,994,1132,758,943,936,1147,1101,930,959,978,993,1163,1149,984,1151,1150,968,982,994,1122,
31,996,929,1006,1084,1123,1160,1471,999,927,999,1131,1099,928,934,1474,946,782,995,928,1012,1154,995,1016,1119,956,1130,960,1154,1011,1148,1484,1077,1132,1021,1158,991,1113,986,980,1123,994,940,987,971,983,1009,1020,1061,1007,1026,1127,1008,1177,1135,1025,994,1015,1122,1160,936,1471,1129,996,1012,1013,1465,973,994,928,984,1117,981,1019,1164,955,1463,1463,961,1117,991,1019,993,1115,1001,995,999,995,977,1012,1467,1127,966,983,978,1010,1154,1469,969,1019,1139,988,978,1025,1120,1012,1006,989,995,1016,993,982,1467,1061,928,934,1128,1464,1127,930,1118,1466,1158,1126,1465,1130,994,1466,1118,1157,981,1106,1160,1013,983,1012,1034,962,1455,1028,996,936,976,1009,1009,996,1034,992,990,949,999,994,1161,930,1005,1132,1006,965,1150,1012,943,981,995,996,1130,928,1156,1012,996,977,997,1115,1125,1167,926,1009,1463,1458,979,1145,1026,1094,997,1000,1066,996,958,1164,981,1112,979,985,996,1165,1012,1462,1119,986,1463,928,977,994,927,1148,1030,999,1125,945,984,997,943,991,1121,1011,1153,1001,1134,758,951,943,1459,1108,927,968,986,1010,1160,1462,996,1152,1155,991,998,1012,1127,
32,1036,971,1036,1071,1093,1101,1077,1035,969,1055,1082,1066,970,967,1077,978,800,1043,967,1044,1112,1035,1002,1089,988,1100,988,1115,1047,1076,1077,1554,1087,1071,1096,1007,1087,1000,996,1098,1029,983,1038,997,1005,1059,1051,1089,1032,1043,1065,1045,1098,1064,1044,1037,1048,1097,1114,969,1078,1091,1038,1047,1047,1077,1003,1035,970,1024,1061,1008,1054,1098,994,1078,1078,993,1066,1037,1053,1035,1080,1011,1035,1054,1035,1003,1045,1076,1087,1004,1021,1015,1065,1094,1080,1003,1072,1096,1025,1004,1078,1086,1046,1026,1052,1034,1056,1053,1022,1078,1044,969,980,1086,1078,1096,969,1091,1076,1094,1076,1078,1062,1034,1080,1078,1102,1019,1068,1070,1048,1021,1047,1070,998,1077,1041,1037,970,1032,1045,1045,1035,1073,1014,1032,984,1028,1034,1098,971,1044,1099,1040,922,1095,1029,986,1007,1025,1034,1099,971,1095,1046,1034,993,1053,1088,1079,1105,969,1036,1074,1073,1018,1119,1040,1069,1034,1013,1083,1032,991,1122,1012,1061,992,1027,1047,1097,1047,1075,1090,1031,1076,971,1018,1007,970,1108,1025,1010,1084,975,1006,1033,992,1031,1088,1045,1093,1053,1102,765,986,984,1074,1077,970,1005,1027,1047,1114,1074,1033,1093,1110,1024,1033,1048,1072,
33,1008,945,1010,1122,1292,1137,1129,1005,943,1022,1218,1168,944,948,1128,968,803,1017,945,1020,1157,1009,1036,1291,967,1278,960,1173,1021,1117,1132,1087,1535,1036,1139,985,1200,993,975,1225,1015,961,991,979,974,1021,1033,1049,1018,1056,1126,1018,1155,1124,1055,1008,1023,1114,1160,949,1131,1269,1010,1020,1016,1128,1003,1009,943,992,1116,988,1032,1141,977,1126,1128,966,1188,1008,1032,1008,1221,989,1009,1020,1009,970,1019,1129,1229,979,993,982,1031,1148,1131,1015,1042,1129,991,998,1040,1231,1020,1026,1001,1008,1009,1020,989,1131,1071,945,952,1233,1130,1251,946,1284,1127,1144,1237,1128,1137,1008,1130,1179,1145,990,1192,1116,1021,1001,1031,1036,971,1127,1053,1015,950,1016,1017,1029,1007,1056,1001,1017,957,1004,1010,1147,945,1017,1245,1025,993,1135,1031,968,972,1004,1009,1256,944,1146,1021,1009,974,1008,1210,1244,1156,943,1015,1130,1129,1003,1132,1052,1175,1007,992,1073,1008,969,1162,991,1186,973,993,1028,1138,1022,1131,1286,998,1132,943,988,989,944,1129,1078,991,1232,950,988,1008,967,998,1289,1015,1134,1019,1126,762,965,962,1128,1221,942,971,1017,1020,1149,1127,1008,1134,1159,1001,1017,1020,1224,
34,1065,981,1032,1034,1042,1033,1020,1037,982,1060,1024,1015,983,985,1021,988,810,1045,983,1053,1059,1066,977,1035,996,1037,1008,1051,1057,1013,1021,1071,1036,1512,1040,1012,1035,1019,1015,1034,1039,992,1028,1004,1033,1355,1056,1059,1053,1033,1014,1053,1034,1014,1035,1064,1055,1034,1052,984,1021,1040,1065,1054,1056,1019,994,1065,984,1045,1013,1020,1061,1035,1002,1017,1020,1004,1019,1046,1059,1065,1031,1011,1066,1060,1066,1022,1053,1020,1032,1021,1048,1030,1345,1037,1021,1001,1332,1070,1025,1033,1053,1042,1054,1027,1040,1066,1046,1066,1043,1022,1011,984,996,1029,1022,1037,986,1036,1020,1040,1023,1021,1015,1067,1022,1027,1037,1047,1026,1013,1054,1022,1051,1033,1012,1019,1035,1053,986,1038,1052,1048,1066,1040,1026,1045,1011,1032,1028,1038,984,1039,1036,1050,877,1033,1028,1001,1023,1026,1065,1039,984,1038,1053,1065,996,1035,1047,1032,1037,982,1027,1019,1018,1037,1028,1035,1027,1062,1020,1040,1063,998,1048,1016,1024,1016,1051,1048,1037,1051,1020,1037,1055,1021,983,1042,1006,983,1038,1014,1008,1032,976,1018,1063,1000,1027,1038,1054,1033,1064,1045,773,999,995,1020,1037,984,1012,1041,1053,1038,1018,1065,1033,1047,1034,1037,1053,1022,
35,998,942,1012,1089,1127,1201,1154,1006,941,1012,1134,1101,942,941,1154,952,778,993,941,1015,1196,998,1017,1125,968,1136,966,1208,1017,1166,1158,1096,1139,1040,1483,981,1125,977,976,1139,997,948,989,980,972,1022,1022,1066,1021,1024,1136,1018,1195,1136,1024,998,1019,1157,1180,941,1154,1131,1000,1018,1006,1155,980,998,941,992,1126,973,1022,1181,958,1152,1153,961,1131,1001,1022,999,1131,983,1000,1011,1000,967,1017,1152,1132,964,992,982,1020,1197,1154,972,1046,1183,991,974,1027,1137,1018,992,1002,999,1022,996,976,1154,1059,941,940,1130,1154,1130,942,1124,1152,1210,1135,1155,1145,999,1156,1131,1195,989,1125,1160,1020,996,1014,1028,962,1155,1024,997,940,976,1016,1013,998,1034,998,996,951,999,1000,1175,942,1007,1141,1010,970,1170,995,959,967,994,999,1137,942,1208,1018,999,963,1012,1123,1124,1176,940,1006,1155,1156,986,1180,1022,1114,999,977,1070,999,963,1184,985,1118,974,994,997,1205,1018,1158,1135,995,1159,942,976,977,941,1185,1041,981,1133,952,976,1000,957,975,1131,1011,1168,1012,1165,760,955,958,1158,1121,941,978,992,1017,1191,1156,998,1167,1177,996,1006,1018,1130,
